4
289000

276
1 3800
1 5800
1 7800
1 9400
1 10400
1 11400
1 13400
1 14200
1 15800
1 18800
1 20200
1 23400
1 26200
2 27000 27857
1 29701
1 31701
1 32701
1 33951
1 34201
1 34451
1 35076
1 35451
1 35951
1 36701
1 37451
1 38201
1 38951
1 39451
1 40201
1 40951
1 41451
1 42201
1 43326
1 43826
1 44326
1 44701
1 45701
1 46451
1 47701
1 48701
1 50076
2 51201 51701
1 52076
1 53076
1 54201
1 56701
1 58201
1 59201
1 59951
1 60576
1 62201
1 64701
1 66701
1 67701
1 69701
1 70701
1 71451
1 72451
1 72701
1 74701
2 77076 77451
1 79451
1 80826
1 83076
1 83951
1 84451
1 87701
1 88451
2 91201 91701
1 92951
1 93451
1 95826
1 97576
1 98201
2 100201 100701
1 101451
1 102701
1 104701
1 105576
1 106076
1 106576
1 107076
1 107701
1 107951
1 109451
1 111326
1 112701
1 114076
1 114951
1 115951
1 116201
1 116701
1 117201
1 117951
1 118701
1 119451
1 119951
1 120951
1 121701
1 122451
1 123201
1 124201
1 124951
1 125951
1 126951
1 127451
1 128201
1 128701
1 129201
1 129951
1 130701
1 131451
1 132076
1 132701
1 133201
1 133951
1 134701
1 135451
1 136201
1 136951
1 137701
1 138701
1 139076
1 139701
1 140201
1 140701
1 141201
1 142201
1 143451
1 147326
1 149451
1 150701
1 152451
1 153201
1 154701
1 155701
1 156951
1 157326
1 157701
1 158451
1 159451
1 160451
1 161076
1 161826
1 163201
1 163701
1 164201
1 164701
1 166701
1 169701
1 171701
1 172201
1 173701
1 175076
1 175701
1 176451
1 176701
1 178701
1 180701
1 183451
1 184576
2 185701 186201
1 187076
1 187701
2 189076 189451
1 191701
1 192201
2 194701 195201
2 196201 196701
1 197451
1 198326
1 199576
1 201201
2 204201 204701
1 205076
1 206701
1 207451
1 208701
1 209826
1 210451
1 211076
1 211451
1 212326
1 213451
1 214451
1 215451
1 216451
1 216701
1 217201
1 218701
1 219576
1 220701
1 221451
1 221951
1 222701
1 223451
1 224201
1 224951
1 225451
1 226201
1 228201
1 228701
1 229201
1 229951
1 230451
1 231201
1 231951
1 232701
1 233451
1 233951
1 234701
1 235201
1 235701
1 236451
1 236951
1 237451
1 237951
1 238451
1 239201
1 239701
1 240201
1 240701
1 241451
1 241951
1 242701
1 243326
1 243701
1 244451
1 245701
1 245951
1 246201
1 246451
1 251701
1 252951
1 253451
1 254451
1 255201
1 255701
1 256201
1 256701
1 257201
1 257701
1 258201
1 258951
1 259951
1 260451
1 261076
1 261576
1 262076
1 262826
1 263576
1 264076
2 264451 264701
1 265076
1 265576
1 266326
1 266826
1 267326
1 268076
1 268576
1 269201
1 269701
1 270451
1 270951
1 271326
1 271701
1 271951
1 272451
1 272951
1 273701
1 274076
1 274826
1 275201
1 275701
1 276326
1 281201
302
1 3400
1 4600
1 6200
1 7400
1 8600
1 9200
1 10600
1 12200
1 16600
1 17800
1 18600
1 19400
1 21000
1 22200
1 23000
1 24200
1 25400
1 28701
1 29701
1 31701
1 32951
1 33201
1 33451
1 34951
1 35576
1 36076
1 36576
1 36951
1 37701
1 38451
1 38951
1 39701
1 40701
1 41451
1 41951
1 42701
1 43201
1 43451
1 43951
1 44451
1 45076
1 45576
1 46576
1 47326
1 47951
1 49076
1 50326
1 52451
1 53451
1 53951
1 54451
2 55701 56201
1 56951
1 57951
1 58451
1 59201
1 59951
1 60451
1 63701
1 64201
1 64701
1 66201
1 67701
1 68701
1 70701
1 71451
1 71951
1 74701
1 75701
1 76951
1 78701
1 80451
1 81451
1 82701
1 83451
1 84576
2 85076 85576
1 86201
2 87076 87451
2 89701 90201
2 91701 92201
1 94326
1 94951
1 95576
1 96076
1 96951
2 99701 100201
1 101826
1 103076
1 104451
1 105076
1 106701
1 107701
1 108076
1 108451
1 109076
1 109576
1 109951
1 110451
1 111076
1 112451
1 113451
1 114701
1 116326
1 116701
1 117451
1 118201
1 118951
1 119451
1 120201
1 120701
1 121201
1 121951
1 122701
1 124326
1 124701
1 125201
1 125701
1 126451
1 126951
1 127701
1 128576
1 129451
1 129951
1 130451
1 130951
1 132076
1 132701
1 133451
1 134201
1 134951
1 135451
1 135951
1 136701
1 137201
1 137951
1 138701
1 139076
1 139701
1 140326
1 142701
1 143326
1 144701
1 146701
1 147076
1 147451
1 149076
1 149576
1 150201
1 150576
1 151451
1 152201
2 154076 154451
1 155326
1 156451
1 156826
1 157201
1 158201
1 158576
1 159326
1 160201
1 162326
1 162701
1 163701
1 164326
1 164701
1 165701
1 168451
1 170201
1 171701
1 172701
1 175076
1 175826
1 178701
1 179701
1 180951
2 182701 183076
1 184701
1 185576
1 186701
1 188701
1 190451
1 191451
1 192451
2 195201 195701
1 198076
1 198951
1 199826
1 200326
1 201451
1 202451
2 203201 203701
1 206201
1 206451
1 207076
1 208201
1 208951
1 209576
1 210326
1 210701
1 211451
1 211826
1 212201
1 213076
1 213576
1 213951
1 214576
1 214951
1 215701
2 218076 218451
1 219201
1 219951
1 220451
1 220951
1 221451
1 222201
1 222951
1 223451
1 223951
1 224451
1 224951
1 225701
1 226451
1 227701
1 228326
1 228701
1 229451
1 229951
1 230701
1 231451
1 231951
1 232576
1 233201
1 233951
1 234451
1 235451
1 236076
1 236451
1 236951
1 237701
1 238451
1 238951
1 239951
1 240576
1 241201
1 241951
1 242451
1 243076
1 243576
1 243951
1 244326
1 247701
1 247951
1 248201
1 248451
1 249701
1 249951
1 250201
1 250451
1 252451
1 253701
1 254201
1 254701
1 255201
1 255701
1 256201
1 256951
1 257701
1 258201
1 258701
1 259451
1 260201
1 260951
1 261451
1 261951
1 262201
1 262701
1 263076
1 263451
1 263701
1 264201
1 264951
1 265201
1 265701
1 266201
1 266451
1 266951
1 267451
1 267951
1 268451
1 269451
1 269701
1 270326
1 271201
1 271701
1 272701
1 273201
1 273701
1 274451
1 275701
1 275951
1 276451
296
1 4200
1 5400
1 7000
1 9000
1 10000
1 10800
1 11800
1 15000
1 15600
1 17200
1 18400
1 19800
1 21400
1 22600
1 23800
1 24600
1 25800
1 28701
1 30701
1 31201
1 32201
1 33701
1 34826
1 35326
1 35701
1 36201
1 36451
1 36951
1 37451
1 37951
1 38576
1 39201
1 39951
1 40576
1 41201
1 41951
1 42451
1 42826
1 43076
1 43576
1 44076
1 44576
1 45451
1 45951
1 46701
1 47451
1 48201
1 49451
1 49826
1 50451
1 51826
1 52701
1 53826
2 55201 55701
1 57201
1 57701
1 58701
1 59701
1 60326
1 60701
1 61701
1 62701
1 63701
1 64451
1 65701
1 67201
1 67451
1 68201
1 69701
1 71076
1 71826
1 72201
1 74201
1 76701
1 78451
1 80576
1 81576
2 82201 82701
1 84326
1 84701
1 86451
1 88701
1 89576
2 90701 91201
1 93201
1 94076
1 95201
1 97201
1 97826
1 98451
2 99201 99701
1 101076
1 102451
1 103451
1 104201
1 105326
1 105826
1 106326
1 106701
1 107451
1 108326
1 109701
1 110576
1 111451
1 111951
1 112201
1 113201
1 115201
1 115576
1 116451
1 116951
1 117701
1 118451
1 118951
1 119701
1 120451
1 121451
1 122201
1 123701
1 124451
1 124701
1 125451
1 126201
1 126701
1 127451
1 127951
1 128451
1 128951
1 129701
1 130451
1 131201
1 131701
1 132451
1 132951
1 133451
1 133951
1 134451
1 135201
1 135951
1 136576
1 137451
1 138201
1 139451
1 140451
1 143076
1 143576
1 145201
1 145701
1 146201
1 146951
2 147576 148701
1 149701
1 150451
1 151326
1 151951
1 152701
1 154451
1 154951
1 155451
1 156201
1 156701
1 157076
1 157576
1 158826
1 159076
1 159951
1 161701
1 162701
1 163951
1 164451
1 166701
1 167701
1 168701
1 170701
1 174701
1 175451
1 175951
1 178201
2 181076 181451
1 182451
1 185451
2 191076 191451
1 193451
2 194201 194701
2 195701 196201
1 197201
1 197826
1 199201
1 200951
1 202201
2 203701 204201
1 204701
1 205826
1 208451
1 209326
1 210701
1 211701
1 211951
1 212451
1 213701
1 215326
1 215951
1 217451
1 218451
1 219451
1 220951
1 221701
1 222451
1 222951
1 223951
1 224451
1 225201
1 225951
1 226451
1 227201
1 227951
1 228451
1 228951
1 229451
1 230201
1 230951
1 231451
1 232451
1 232951
1 233701
1 234451
1 234951
1 235451
1 236076
1 236701
1 237451
1 238201
1 238951
1 239451
1 240451
1 240951
1 241701
1 242451
1 242951
1 243451
1 243701
1 244201
1 244576
1 246701
1 246951
1 247201
1 247451
1 250701
1 250951
1 251201
1 251451
1 252201
1 252701
1 253201
1 253951
1 254701
1 255451
1 256451
1 257451
1 257951
1 258701
1 259201
1 259701
1 260201
1 260701
1 261326
1 261826
1 262326
1 262576
1 262951
1 263326
1 263826
1 264326
1 264826
1 265326
1 265826
1 266076
1 266576
1 267076
1 267576
1 267826
1 268326
1 268701
1 270201
1 270701
1 271576
1 272201
1 272701
1 273326
1 273576
1 273826
1 274201
1 274701
1 275076
1 276076
2 276701 281201
291
1 5000
1 6600
1 8200
1 9800
1 11000
1 12600
1 15400
1 16200
1 16800
1 18200
1 19000
1 20600
1 21800
1 25000
1 26600
1 27857
1 30701
1 32701
1 33701
1 34701
1 35201
1 35826
1 36326
1 36701
1 37201
1 37951
1 38701
1 39451
1 39951
1 40451
1 40951
1 41701
1 42451
1 42951
1 43701
1 44201
1 44701
1 46201
1 46826
1 47076
1 48451
1 49701
2 50701 51201
1 51701
1 52326
1 52701
1 53701
2 54701 55201
2 56201 56701
1 57451
1 58701
1 59701
1 60201
1 60701
1 62701
1 66701
1 68701
1 71076
1 71701
1 72701
1 73701
1 75701
1 78201
1 79076
1 80701
2 81701 82201
1 83701
1 84201
1 84951
2 86701 87076
1 87451
1 88201
1 89451
2 90201 90701
2 92201 92701
1 93576
1 93826
1 95451
1 96326
1 97451
2 98701 99201
1 100701
1 102201
1 103951
1 104951
1 106451
1 107076
1 107451
1 107826
1 108201
2 108701 109076
1 110201
2 110701 111076
1 111701
2 113701 114076
1 114451
1 115451
1 116576
1 116951
1 117451
1 117951
1 118451
1 119201
1 119951
1 120451
1 120951
1 121451
1 121951
1 122451
1 123951
1 124576
1 124951
1 125451
1 125951
1 126451
1 127201
1 127951
1 128951
1 129451
1 130201
1 130951
1 131701
1 132451
1 132951
1 133701
1 134451
1 134951
1 135701
1 136451
1 136951
1 137451
1 137951
1 138451
1 139451
1 139951
1 140576
1 141701
1 143201
1 143701
1 144201
1 145826
1 147201
2 148701 149076
1 149951
1 150826
1 151076
1 151701
1 153451
2 153701 154076
1 155076
1 155951
1 157451
1 157951
1 158701
1 159701
1 160701
1 162076
1 162451
1 163201
1 163951
1 164576
1 166201
1 168201
1 168701
1 169701
1 170701
1 171201
1 171451
1 172701
1 173701
1 174701
1 175451
1 176201
1 176701
1 177701
1 179701
1 182201
2 183076 183451
1 184451
2 186201 186701
1 187451
1 188951
2 190701 191076
1 192701
2 193701 194201
1 196951
1 197576
1 199451
1 200076
1 201701
2 202701 203201
1 205451
1 207951
1 209076
1 210076
1 210576
1 211076
1 211701
1 212076
2 212701 213076
1 214201
1 214701
1 215076
1 216201
2 217701 218076
1 218951
1 220201
1 220701
1 221201
1 221951
1 222451
1 223201
1 223701
1 224701
1 225451
1 225951
1 226701
1 228576
1 228951
1 229701
1 230451
1 230951
1 231701
1 232201
1 232951
1 233451
1 234201
1 234951
1 235701
1 236701
1 237201
1 237951
1 238701
1 239451
1 239951
1 240951
1 241451
1 242201
1 242701
1 243201
1 243951
1 244701
1 244951
1 245201
1 245451
1 248701
1 248951
1 249201
1 249451
1 251951
1 252701
1 253201
1 253701
1 254201
1 254951
1 255951
1 256701
1 257201
1 258451
1 259201
1 259701
1 260826
1 261201
1 261701
1 262451
1 263201
1 263951
1 264701
1 265451
1 265951
1 266701
1 267201
1 267701
1 268201
1 268701
1 269076
1 269326
1 270076
1 270701
1 271076
1 271451
1 272326
1 272576
1 273451
1 273951
1 274701
1 274951
1 275451
1 275826
1 276201
1 276576
