4
156000

139
2 4065 5731
1 6065
1 7065
1 7731
1 9065
1 10065
1 11065
1 12065
2 13398 14065
1 15065
1 15731
1 16731
1 18065
1 19065
1 20065
1 21065
1 22065
1 23065
1 24065
1 25065
1 26065
1 27065
1 28065
1 30065
1 31065
1 32065
1 33065
1 34065
1 34731
1 35565
1 36065
1 37398
1 38065
1 39398
1 39898
1 41065
1 41731
1 42731
2 44065 45065
1 45398
1 45731
2 46731 47065
2 47398 48731
1 49398
1 49731
2 50065 50731
1 52065
2 53065 54065
2 54731 55065
2 57065 57731
2 58065 59065
1 59398
1 60065
1 60565
1 61065
1 61565
1 62065
1 62731
1 63065
1 63565
1 64065
1 64898
1 65565
1 66065
1 66398
1 67065
1 67565
1 68065
1 69065
1 69898
1 70898
1 71565
1 72398
1 72898
1 73315
1 73648
1 74065
1 74565
1 74898
1 75315
1 75648
1 76065
1 76731
1 77231
1 78065
1 80065
1 81398
1 83065
1 84065
1 85065
1 87065
2 89065 90065
2 91065 91731
1 93065
2 94065 96065
1 97065
1 98065
1 99065
1 100065
2 100731 101065
1 101398
1 102065
1 103065
1 104065
1 104731
1 105731
1 107065
1 107620
1 107953
1 108565
1 109565
1 110065
1 110731
1 112065
1 113065
2 114398 114731
1 115065
1 115398
1 116065
1 117065
2 117731 118065
1 118398
2 119065 120065
1 120398
1 121398
1 123065
1 124065
1 124731
1 125398
1 126065
1 128065
1 130233
1 131318
1 133486
1 135655
2 139992 140354
2 142161 144330
2 145052 145414
2 147583 151920
128
1 5731
1 8398
1 9731
1 11065
1 13065
1 14065
1 15065
1 16065
1 17398
1 18065
1 19398
1 20398
1 21398
1 22731
1 23731
1 24398
1 25398
1 26731
1 27731
1 28731
1 30065
1 31231
1 31731
1 32065
1 32898
1 33398
1 34065
1 35231
1 36065
1 36731
1 38065
1 38731
1 39731
1 40398
1 41065
1 42398
1 44065
2 46065 46398
1 48065
2 51065 52065
1 54065
2 55398 56065
1 56398
1 56731
2 59398 59731
1 60065
1 60731
1 61398
1 62065
1 62565
1 63065
1 63731
1 64231
1 64565
1 65231
1 65898
1 66565
1 67065
1 67731
1 68731
1 69065
1 69731
1 70565
1 71231
1 71898
1 72231
1 72731
1 73231
1 73565
1 74065
1 75231
1 75565
1 76065
1 76565
1 77398
1 77898
1 80065
1 80398
1 81065
1 81731
1 82398
1 84398
1 85398
1 87398
2 90398 90731
2 92065 92731
1 93398
1 97398
1 98398
1 99398
2 100065 100398
1 101287
1 102065
2 103065 103398
1 104065
1 104620
1 105398
1 106398
1 107509
1 108565
1 109065
1 110065
2 111398 111731
1 112398
1 113731
1 115065
1 115509
1 116065
1 116731
1 118065
1 119065
1 119731
1 120731
1 121731
1 122565
1 123065
1 124065
1 126065
1 126731
1 128787
1 130595
1 132402
1 134571
1 136378
2 137824 138908
2 139631 139992
2 140354 140715
2 144691 145052
132
1 6731
1 8065
1 8731
1 10065
1 11398
1 12065
1 13731
1 14731
1 16398
1 17065
1 17731
1 18731
1 19731
1 20731
1 21731
1 22398
1 23398
1 24731
1 25731
1 26398
1 27398
1 28398
1 29231
1 29565
1 30398
1 31565
1 32398
1 32731
1 33231
1 33565
1 35065
1 35731
1 36398
1 37065
1 38398
1 39065
1 39565
1 40065
1 40731
1 42065
2 43065 44065
2 45065 45731
2 47065 47398
2 49065 50065
1 50398
1 52398
1 52731
2 54398 54731
1 57398
1 57731
1 58398
1 58731
2 59731 60065
1 60398
1 60898
1 61231
1 61731
1 62231
1 62898
1 63398
1 63898
1 64398
1 65065
1 65731
1 66231
1 66898
1 67231
1 67898
1 68398
1 69565
1 70065
1 70398
1 71065
1 71398
1 72065
1 72565
1 73148
1 73481
1 74398
1 74731
1 75148
1 75481
1 76231
1 76898
1 77731
2 79565 80065
1 82731
1 83731
1 85731
1 87731
2 90731 91065
1 93731
1 97731
2 98731 99065
1 99731
1 101176
2 101731 102065
1 102731
2 103398 103731
1 104509
1 105065
1 106065
1 107065
1 107398
1 107731
1 108065
1 109565
1 111065
2 111731 112065
2 112731 113065
1 113398
2 114065 114398
1 115620
1 116398
2 117398 117731
1 118731
1 120065
1 121065
1 122065
1 122565
2 123565 124065
1 125065
1 126620
2 127065 128065
1 129872
1 130956
1 133125
1 134209
2 139269 139631
2 140715 141077
2 144330 144691
1 151799
137
1 6065
1 7065
1 8065
1 9065
1 10731
1 11731
1 13065
1 14065
1 16065
1 17065
1 19065
1 20065
1 21065
1 22065
1 23065
1 24065
1 25065
1 26065
1 27065
1 28065
1 29065
1 29398
1 29731
1 30731
1 31398
1 32565
1 33731
1 34398
1 35398
1 37065
1 37731
1 39065
1 40065
1 41398
1 42065
2 43065 44065
1 44398
1 44731
2 46398 46731
1 47731
1 48398
1 48731
2 50731 51065
1 51398
1 51731
2 52065 53065
1 53398
1 53731
2 55065 55398
1 55731
2 56065 57065
2 59065 59398
1 59731
1 60231
1 61065
1 61898
1 62398
1 63231
1 64065
1 64731
1 65065
1 65398
1 66065
1 66731
1 67398
1 68065
1 68565
1 68898
1 69398
1 70065
1 70731
1 71065
1 71731
1 72065
1 73065
1 73398
1 73731
1 74231
1 75065
1 75398
1 75731
1 76398
1 77065
1 77565
2 78065 80065
1 80731
1 82065
1 84731
2 86065 87065
2 88065 89065
2 90065 90398
2 91731 92065
1 92731
1 94065
1 95065
1 96065
1 97065
1 98065
1 99065
2 100398 100731
1 101065
1 101731
1 102398
2 103731 104065
1 104398
1 105065
1 106065
2 106731 107065
1 107287
1 108065
1 109065
1 110398
2 111065 111398
1 112065
1 113065
1 114065
2 114731 115065
1 115731
2 117065 117398
2 118065 119065
1 119398
1 120065
2 121065 121731
1 122065
2 123565 124065
1 124398
1 125065
1 125731
2 127065 128065
1 129149
1 132040
1 133848
2 136739 137824
2 138908 139269
2 141077 142161
2 145414 147583
1 151920
