4
141000

266
1 533
1 1002
1 1471
1 1940
1 2565
1 3033
1 3502
1 3971
1 4440
1 5065
1 5533
1 6002
1 6471
1 6940
1 8971
1 9440
2 10065 12252
1 12565
1 13033
1 13502
1 13971
1 14440
1 14596
1 15065
1 15533
1 16002
1 16471
1 16940
1 17096
1 17565
1 17721
1 18190
1 18346
1 18815
1 19127
2 19440 19752
2 19908 20065
1 20377
1 20846
1 21315
1 21627
1 21940
1 22252
1 22565
1 22877
1 23502
1 23971
1 24283
1 24518
1 24908
1 25377
1 25846
1 26315
1 26627
1 27174
1 27565
1 27877
1 28111
1 28346
1 28815
1 29127
1 29440
1 29830
1 30065
1 30377
1 30690
1 31002
2 31471 31627
1 31940
1 32252
1 32565
1 32877
1 33502
2 33971 34127
1 34361
1 34596
1 34830
1 35065
1 35377
2 35846 36002
1 36315
1 36940
1 37174
1 37565
2 37877 38190
2 38502 38815
1 39127
1 39544
1 40065
1 40221
1 40533
1 40690
1 41627
1 42096
1 42408
1 43033
1 43502
1 44127
1 44440
1 44752
1 45065
1 45221
1 45533
1 45690
1 46236
1 46627
1 47174
1 47643
1 48033
1 48658
1 49127
1 49596
1 50065
1 50377
1 51315
1 51783
1 51940
1 52565
1 53033
1 53502
1 54127
1 54361
1 54752
1 54986
1 55377
1 56315
1 56549
1 56783
1 56940
1 57252
1 57565
1 58033
1 58971
2 59440 60065
1 62565
2 65065 67565
1 68815
1 69440
1 70065
1 70690
1 71315
1 71940
1 72565
1 73190
1 73815
1 74440
1 75065
1 75690
1 76315
1 76940
1 77721
1 78346
1 78971
1 79596
1 80533
1 81158
1 81783
1 82408
1 83033
1 83658
1 84283
1 84908
1 85533
1 86158
1 86783
1 87408
1 87877
1 88502
2 88867 94986
1 95065
1 100065
1 100846
1 101158
1 101627
1 102252
1 102565
1 102877
1 103658
1 104283
1 105065
1 106315
1 107096
1 107408
1 108033
1 108658
1 109440
1 109908
1 110065
1 110377
2 110846 111002
1 111158
2 111471 111627
1 111940
1 112565
1 112877
2 113346 113502
1 113815
1 114127
2 114596 114752
1 115065
1 115377
2 115846 116002
1 116158
2 116471 116627
1 116940
1 117565
1 117721
1 118190
1 118346
1 118815
1 119127
2 119440 119752
1 120065
1 120377
1 120690
2 121158 121315
2 121627 121783
1 122018
1 122252
1 122486
2 122877 123033
1 123346
1 123815
2 124127 124283
1 124440
1 124752
1 125065
2 125377 125690
1 125846
1 126315
2 126627 126940
1 127330
1 127565
2 128033 128190
2 128502 128815
1 128971
1 129440
1 129830
2 130065 130377
2 130690 131002
1 131315
2 131627 131783
1 132018
1 132252
2 132565 132877
2 133190 133502
1 133815
2 134127 134440
1 134830
1 135065
1 135221
1 135533
1 135690
1 135846
1 136158
1 136627
1 137252
1 137565
1 137721
1 138190
1 138346
1 138815
1 138971
1 139440
1 139752
1 139908
287
1 221
1 690
1 1158
1 1627
1 2096
1 2408
1 4908
1 5221
1 5690
1 6158
1 6627
1 7096
1 7565
1 8033
1 8502
1 9127
1 9596
1 10065
1 10533
1 11002
1 11471
1 11940
1 12408
1 12721
1 13190
1 13658
1 14127
1 14440
1 14596
1 14908
1 15221
1 15690
1 16158
1 16627
1 16940
1 17252
1 17565
1 17721
1 18190
1 18346
1 18971
1 19283
2 19596 19752
1 20065
1 20533
1 20846
1 21158
1 21627
1 22018
1 22330
1 22565
1 23033
1 23346
1 23658
1 23971
1 24440
1 24752
1 24986
1 25221
1 25690
1 26002
1 26315
1 26783
1 27096
1 27408
1 27877
1 28502
1 28736
1 28971
1 29283
1 29596
1 29986
2 30221 30377
1 31002
1 31315
1 32018
1 32330
1 32565
1 32877
2 33346 33502
1 33815
1 34127
1 34518
1 34908
1 35065
1 35377
1 36002
2 36471 36627
1 37096
1 37252
2 37565 37877
2 38190 38502
1 38919
1 39335
1 39752
1 39908
1 40065
1 40533
1 40690
1 41002
1 41158
1 41549
1 42174
1 42565
1 42877
1 43815
1 44049
1 44283
1 44674
1 44908
1 45065
1 45846
1 46471
1 46783
1 46940
1 47408
1 48190
1 48346
1 48736
1 48971
1 49283
1 49986
1 50846
1 51236
1 51471
1 51783
1 51940
1 52252
1 52721
1 53815
1 54049
1 54440
1 54596
1 55065
1 55533
1 55690
1 56002
1 56158
1 57096
1 57721
1 57877
1 58502
1 58658
1 59049
2 59752 60065
1 61315
2 62565 63346
1 65065
2 67565 68815
1 69596
1 69908
1 70221
1 70846
1 71471
1 72096
1 72877
1 73502
1 74127
1 74752
1 75221
1 75846
1 76471
1 77096
1 77565
1 78190
1 78815
1 79440
1 80221
1 80846
1 81471
1 82096
1 82877
1 83502
1 84127
1 84752
1 85377
1 86002
1 86627
1 87252
1 88033
1 88658
1 89127
1 89596
1 99440
1 100065
1 100846
1 101158
1 101940
1 102565
1 103658
1 104127
1 104752
1 105065
1 105846
1 106158
1 106627
1 107252
1 107565
1 107877
1 108815
1 109127
1 109596
1 109908
2 110221 110377
1 110690
1 111315
1 111627
2 112096 112252
1 112486
1 112877
1 113190
1 113658
2 113971 114127
1 114440
1 114908
2 115221 115377
1 116002
1 116315
1 116627
1 117096
2 117408 117565
1 117877
1 118033
1 118502
1 118658
1 118971
1 119283
2 119596 119752
2 119908 120065
2 120377 120533
1 120846
1 121315
1 121940
1 122330
1 122565
1 122877
1 123190
1 123346
2 123658 123815
1 124127
1 124518
1 124830
1 125065
2 125533 125690
1 126002
1 126315
1 126627
1 127018
1 127252
1 127565
1 127877
1 128190
1 128502
1 128815
1 128971
2 129283 129440
1 129596
1 129908
1 130065
2 130377 130533
1 130846
2 131158 131315
1 131627
1 131940
1 132330
1 132565
2 132877 133190
1 133346
1 133502
2 133815 134127
1 134440
1 134674
1 134908
1 135065
1 135377
1 136002
1 136315
1 137565
1 137877
1 138033
1 138502
1 138658
1 139127
1 139283
1 139518
1 139674
1 139908
279
1 65
1 377
1 846
1 1315
1 1783
1 2252
1 2721
1 3190
1 3658
1 4127
1 4596
1 7408
1 7721
1 8190
1 8658
1 9908
1 10221
1 10690
1 11158
1 11627
1 11940
1 12096
1 12877
1 13346
1 13815
1 14283
2 15065 17565
1 17877
1 18033
1 18502
1 18658
1 19049
1 19361
2 19752 19908
1 20065
1 20377
1 21002
1 21471
1 22096
1 22408
1 22721
1 23346
1 23815
1 24127
1 24596
1 24830
1 25065
1 25533
1 25846
1 26158
1 26627
1 27018
1 27252
1 27721
1 28190
1 28658
1 28971
1 29283
1 29596
1 29908
1 30065
1 30377
2 30846 31002
1 31315
1 31627
1 32174
1 32408
2 32721 32877
1 33190
1 33502
1 33815
1 34127
1 34440
1 34752
1 34986
2 35221 35377
1 35690
1 36002
1 36315
1 36627
1 37018
2 37408 37565
2 38346 38502
2 38658 38815
1 39023
1 39440
1 39830
1 39986
1 40846
1 41236
1 41471
1 41783
1 41940
1 42252
1 42643
1 43190
1 43346
1 43736
1 43971
1 44361
1 44596
1 45065
1 45533
1 45690
1 46002
1 46158
1 47096
1 47721
1 47877
1 48502
1 48893
1 49361
1 49908
1 50065
1 50533
1 50690
1 51002
1 51158
1 51549
1 52174
1 52408
1 52877
1 53190
1 53346
1 53736
1 53971
1 54283
1 54752
1 55065
1 55221
1 55846
1 56471
1 56783
1 56940
1 57408
1 58190
1 58346
1 59127
1 59596
1 60065
2 63346 65065
1 66315
1 69752
1 70065
1 70533
1 71158
1 71783
1 72408
1 72721
1 73346
1 73971
1 74596
1 75377
1 76002
1 76627
1 77252
1 77877
1 78502
1 79127
1 79752
1 80065
1 80690
1 81315
1 81940
1 82721
1 83346
1 83971
1 84596
1 85065
1 85690
1 86315
1 86940
1 87721
1 88346
1 88971
1 89440
1 89752
1 99752
1 100377
1 101315
1 102096
1 102408
1 103190
1 103346
1 103815
1 104596
1 104986
1 105377
1 106315
1 106627
1 107096
1 107408
1 107877
1 108502
1 108815
1 109674
1 110065
1 110377
1 110846
2 111158 111315
1 111627
1 112096
1 112408
2 112721 112877
1 113502
1 113815
2 114283 114440
1 114986
1 115377
1 115690
2 116158 116315
1 116627
2 117096 117252
1 117408
1 117877
1 118033
1 118502
1 118658
1 118893
1 119205
2 119440 119596
2 119752 119908
1 120065
2 120533 120690
1 121002
1 121471
2 121783 121940
1 122174
1 122408
1 122721
1 123190
2 123502 123658
1 123971
2 124283 124440
1 124674
1 124908
1 125221
1 125690
2 126158 126315
1 126940
1 127174
1 127486
1 127721
1 128190
1 128346
2 128658 128815
1 129127
1 129518
1 129752
1 129986
1 130221
2 130533 130690
2 131002 131158
1 131471
2 131783 131940
1 132174
1 132408
1 132721
2 133033 133190
1 133346
2 133658 133815
1 133971
1 134127
1 134518
1 134752
1 135065
1 136315
1 136627
1 137252
1 137565
1 137721
1 138190
1 138346
1 138893
1 139049
1 139440
1 139596
1 139830
1 139986
274
1 65
1 2877
1 3346
1 3815
1 4283
1 4752
1 5377
1 5846
1 6315
1 6783
1 7252
1 7877
1 8346
1 8815
1 9283
1 9752
1 10065
1 10377
1 10846
1 11315
1 11783
1 12252
2 12565 14440
1 14752
1 15377
1 15846
1 16315
1 16783
1 17408
1 17877
1 18033
1 18502
1 18658
1 18893
1 19205
2 19440 19596
2 19752 20065
1 20221
1 20690
1 21002
1 21315
1 21783
1 22174
1 22486
1 22877
1 23190
1 23502
1 23815
1 24127
1 24361
1 24674
1 25065
1 25377
1 26002
1 26471
1 26940
1 27252
1 27565
1 28033
1 28424
1 28815
1 29127
1 29440
1 29752
1 30065
2 30533 30690
1 30846
2 31158 31315
1 31627
2 31783 31940
1 32096
1 32486
2 33033 33190
1 33346
2 33658 33815
1 33971
2 34283 34440
1 34674
1 35065
2 35533 35690
1 35846
2 36158 36315
1 36627
2 36783 36940
1 37252
2 37721 37877
2 38033 38190
1 38815
1 39231
1 39648
1 40065
1 40377
1 41315
1 41783
1 41940
1 42721
1 43033
1 43658
1 44440
1 44752
1 44986
1 45377
1 46315
1 46549
1 46783
1 46940
1 47252
1 47565
1 48033
1 48815
1 49440
1 49752
1 50065
1 50221
1 50533
1 50690
1 51627
1 52096
1 52643
1 53033
1 53658
1 54440
1 54674
1 54908
1 55065
1 55533
1 55690
1 56236
1 56627
1 57174
1 57643
1 58033
1 58815
2 59283 59752
1 59908
2 60065 62565
1 63815
1 67565
2 68815 70065
1 70377
1 71002
1 71627
1 72252
1 73033
1 73658
1 74283
1 74908
1 75533
1 76158
1 76783
1 77408
1 78033
1 78658
1 79283
1 79908
1 80377
1 81002
1 81627
1 82252
1 82565
1 83190
1 83815
1 84440
1 85221
1 85846
1 86471
1 87096
1 87565
1 88190
1 88815
1 89283
1 89908
2 93190 94986
1 95065
1 100065
1 100377
1 101002
1 101315
1 101627
1 102096
1 102408
1 102877
1 103815
1 104127
1 104908
1 105377
1 105846
1 106158
1 106783
1 107565
1 108658
1 109127
1 109440
1 109674
1 110065
2 110533 110690
1 111002
1 111315
2 111783 111940
1 112252
1 112565
2 113033 113190
2 113658 113815
1 114127
1 114752
1 115065
2 115533 115690
1 115846
1 116315
2 116783 116940
1 117252
1 117565
1 117721
1 118190
1 118346
1 119049
1 119361
2 119752 120065
1 120221
1 120690
2 121002 121158
1 121315
1 121627
1 122096
1 122565
2 123033 123190
1 123502
1 123815
1 123971
1 124596
1 124986
1 125377
1 125690
2 126002 126315
1 126471
2 126783 126940
1 127096
1 127408
2 127877 128190
1 128346
1 128815
2 129127 129440
1 129674
1 130065
1 130377
1 130690
1 131002
2 131315 131627
1 132096
1 132486
1 132877
1 133190
2 133502 133815
1 133971
2 134283 134440
1 134596
1 134986
1 135377
1 136002
1 136315
1 136471
1 136783
1 136940
1 137096
1 137408
1 137877
1 138033
1 138502
1 138658
1 139205
1 139361
1 139596
1 139752
1 140065
