4
171000

117
1 5288
1 7369
1 8409
1 10490
2 12224 12571
1 13265
1 14132
1 14652
1 16213
1 17774
1 18641
1 20895
2 22976 24016
2 27138 28178
1 29219
1 30259
1 32167
1 33207
1 34941
1 35461
1 37369
2 44478 45172
1 46559
1 47252
1 48293
1 49679
1 51066
1 51760
1 52800
1 53841
2 54881 55228
1 55575
1 56442
2 58001 58348
1 59042
1 59735
2 61123 61469
1 62510
1 63550
1 64417
1 65631
1 66152
2 67018 67365
1 68059
1 68579
1 69446
1 70139
1 71006
2 71873 72220
1 73260
1 74647
2 76381 77421
2 78461 78808
2 80542 80889
2 81583 81930
2 82623 82970
1 84184
2 85051 85398
2 86785 87826
2 88866 89560
2 91987 92681
2 95109 96149
1 97190
1 98230
1 99271
1 100138
2 102045 103086
1 103953
1 104820
1 105860
1 106554
1 107594
1 108461
1 109502
2 111063 111409
1 112276
1 113144
1 114184
1 115224
1 116265
2 116959 117305
1 118172
1 119213
1 120080
1 121120
1 122508
1 123201
1 124242
1 125109
1 126670
1 128057
1 129271
1 130311
1 131352
1 131872
1 132912
1 133953
1 134646
1 135513
1 136727
1 137248
1 139155
1 140195
2 140889 141236
1 141756
1 143316
1 144010
1 145744
1 146611
2 147478 147824
1 148865
2 149558 149905
1 150598
1 151292
1 152332
1 153026
1 154760
110
1 6328
1 7889
1 10143
1 11184
1 11878
1 15519
1 16733
1 19854
2 24016 25057
1 30779
1 31300
1 34248
1 36328
1 39450
1 41704
1 47079
1 48640
1 49160
2 50026 50373
1 51587
1 53147
1 53667
1 54187
1 55228
1 56095
2 56962 57309
2 58348 58695
1 59042
1 59909
1 60429
2 61816 62163
1 62857
1 64244
1 64938
1 65978
1 66672
1 68405
1 69099
1 70833
2 72567 73607
1 74301
1 75427
1 76727
1 77768
2 78808 79155
2 79849 80196
2 81236 81583
2 83317 83664
1 84444
2 85745 86091
2 87826 88172
2 89560 89907
2 90947 91641
2 93028 94762
1 97710
1 98750
1 99617
1 100831
1 103433
1 104473
1 105687
1 106381
2 107248 107594
1 108115
1 108635
1 109849
1 110716
1 111409
1 112797
1 114011
1 114878
2 115571 115918
1 117652
1 118346
2 119386 119733
1 120600
1 121294
1 122334
1 123375
1 124415
1 125629
1 126496
1 127190
1 127537
1 128404
1 128924
1 129791
1 130831
1 131698
1 132565
1 134126
1 137074
1 137768
2 138461 138808
1 139675
1 141582
1 142276
1 143663
1 144183
1 144703
1 146090
1 146784
1 148345
1 148691
1 150252
1 150945
1 151639
1 152679
1 153373
2 154066 154413
110
2 4941 5288
2 7022 7369
2 8063 8409
1 9103
1 11531
1 12571
1 14479
1 15172
1 18294
1 19334
2 21935 22976
2 26097 27138
1 32340
1 34421
1 37022
1 39623
1 43785
1 46212
1 46732
1 47599
1 48813
1 49333
1 50720
1 51240
1 52107
1 53321
2 54534 54881
1 55921
1 56268
2 57309 57655
1 58695
1 59389
1 60256
2 61469 61816
1 62510
1 63897
1 64591
1 66325
2 67712 68059
1 68752
2 69793 70139
1 70486
1 71180
2 72220 72567
1 72913
1 73954
1 74993
1 77074
1 78115
2 79155 79502
2 80889 81236
2 81930 82276
2 82970 83317
2 84704 85051
2 86091 86438
2 88172 88519
2 91641 91987
2 94762 95109
1 97537
1 98577
1 99791
1 100658
1 103606
1 104646
1 105513
1 106901
1 108808
1 109675
1 110542
1 110889
1 111409
1 111930
1 112970
1 113837
1 114704
1 117826
1 119039
1 120253
1 121467
1 122161
1 122854
1 123548
1 124762
1 125456
1 126323
2 127710 128057
1 128577
1 129617
1 130485
1 131525
2 132219 132565
2 133606 133953
1 134473
2 134993 135513
1 136727
1 137421
1 138115
1 138808
1 139502
2 140542 140889
1 141929
1 142623
2 145050 145397
1 146264
1 147131
1 148171
1 149211
1 150772
1 153199
1 154413
118
1 4248
2 5982 6328
1 7716
1 8409
1 9450
1 12051
1 13612
1 14305
1 15693
1 17427
1 18814
1 19681
2 20895 21935
2 25057 26097
2 28178 29219
1 30086
1 31126
1 32860
1 33380
1 35288
1 36502
1 37542
1 43612
1 46212
1 46906
2 47946 48293
1 48987
2 50373 50720
1 51413
2 52454 52800
1 53494
1 55228
1 55575
1 56615
2 57655 58001
1 58695
1 59389
1 60082
2 60776 61123
2 62163 62510
1 62857
1 63550
1 64071
2 65284 65631
1 66498
2 67365 67712
1 68926
1 70660
2 71526 71873
1 72567
2 73607 74647
1 75687
1 76034
2 77421 78461
1 79502
1 80542
2 82276 82623
2 83664 84184
2 85398 85745
2 86438 86785
2 88519 88866
2 89907 90947
2 92681 93028
2 96149 97190
1 98057
1 99097
1 100311
1 103433
1 104300
1 105340
1 106207
1 106727
1 107768
1 108982
1 110022
1 111756
1 112623
1 113664
1 114531
1 115051
1 115918
1 116612
1 117305
1 117999
1 118866
2 119733 120080
1 120947
1 121987
1 123028
2 123895 124242
1 125282
1 126149
1 127363
1 128057
1 129444
1 130658
1 131178
2 133259 133606
1 134300
2 135687 136381
1 137594
1 139328
1 139849
1 141236
1 142103
2 142970 143316
1 143837
1 144357
2 145397 145744
1 146437
1 147824
1 148518
2 149905 150252
1 151119
2 151986 152332
1 152853
2 153719 154066
1 154760
