4
446000

376
1 26897
1 27797
1 28397
1 29447
1 30197
1 30797
1 31997
1 32597
1 33097
1 33797
1 34697
1 36197
1 36947
1 37397
1 38597
1 39497
1 40247
1 40547
1 41147
1 41597
1 42347
1 42797
1 43397
1 43697
1 44297
1 44747
1 45197
1 45797
1 46397
1 47597
1 48197
1 48797
1 49697
1 49997
1 50597
1 51197
1 51497
1 52097
1 52397
1 52997
1 53597
1 54197
1 54797
1 55397
1 55997
1 56597
1 56897
1 57197
1 57797
1 58397
1 58997
1 59597
1 60197
1 60797
1 61097
1 61397
1 61697
1 61997
1 62597
1 63197
1 63497
1 63797
1 64397
1 64997
1 65597
2 66197 66797
1 67097
1 67397
1 67997
1 68447
1 69197
1 69797
2 70397 70997
1 71297
1 71597
2 72497 72797
2 73697 73997
1 74297
1 74597
1 75347
2 75797 76397
1 76997
2 77297 77597
1 78347
1 78797
1 79097
1 79397
1 79997
1 80297
1 80897
1 81197
1 81497
1 82097
1 82397
1 82697
1 83297
1 83597
1 84197
1 84797
1 85097
1 85997
1 86597
1 87047
1 87497
1 87797
1 88397
1 89597
1 90797
1 91397
1 91997
1 92897
1 93197
1 93797
1 94397
2 94997 95597
1 96197
2 97097 97397
1 97847
1 98147
1 98597
1 99197
1 99797
1 100397
1 100997
1 101597
1 102197
1 102497
1 102797
1 103397
1 103997
2 104597 105797
1 106397
1 106697
1 107297
1 107597
2 108197 109397
1 109997
1 110297
1 111197
1 111797
1 112397
2 112997 113597
1 113897
1 114797
1 115097
2 115397 116597
1 116897
1 117197
1 117797
1 118397
1 118697
1 119147
1 119597
2 120197 120497
2 120797 121097
2 121397 122597
1 122747
1 123197
1 123797
1 124397
1 124697
1 124997
1 125447
1 125897
1 126197
1 126797
1 127097
1 127397
1 127997
1 128597
1 129197
1 129497
1 129797
1 130097
1 130547
1 130997
1 131297
2 131597 132197
1 132497
1 132947
1 133397
1 133697
1 134147
1 134447
1 134897
1 135347
1 135797
1 136247
1 136697
1 136997
1 137747
1 138197
1 138497
1 139097
2 139397 139997
2 140597 141197
1 141797
1 142397
1 142847
1 143297
1 143597
1 143897
1 144197
1 144497
1 145097
1 145397
1 145997
1 146597
1 147497
1 147797
1 148547
1 148847
1 149297
1 149597
1 150047
1 150497
1 150797
1 151397
1 152147
1 152747
1 153197
1 153497
1 153797
1 154247
1 154697
1 154997
1 155597
1 155897
1 156347
1 156797
1 157397
1 158147
1 158447
1 159197
1 160097
1 160397
2 160997 161597
1 161897
1 162497
1 162797
1 163397
1 163997
1 164297
1 164597
1 165197
1 165497
2 165797 166397
1 166697
1 166997
1 167597
1 168197
1 168797
2 169397 169997
1 170297
1 170597
1 171197
2 171797 172397
1 172697
1 173147
1 173447
1 174497
1 174797
2 175397 175997
1 176597
1 177197
1 177797
1 178097
1 178397
1 178997
1 179447
1 179597
1 180197
1 180647
1 180947
1 181397
1 181997
1 182747
1 183047
1 183347
2 183797 184397
1 184697
1 185447
1 185897
1 186347
1 186797
1 187097
1 187547
1 187847
1 188147
2 188597 189197
1 189497
1 190097
1 190397
1 190847
1 191297
1 191597
1 192047
1 192497
1 192797
1 193397
1 193697
1 194147
1 194597
1 195197
1 195497
1 195947
1 196397
1 196697
1 196997
1 197597
1 198197
1 198797
1 199397
1 200897
1 201197
2 201797 202397
1 202697
1 203297
2 203597 203897
2 204197 205397
1 205697
2 205997 206297
1 206597
1 207197
1 207497
1 208097
1 208397
2 208997 209597
1 209897
2 210497 210797
1 211097
1 211997
2 212597 212897
2 213197 213797
1 214247
1 214547
2 214997 216197
1 216497
2 216797 217397
1 217847
2 218597 218897
2 219197 219497
2 219797 220997
1 221597
2 222197 222797
1 223097
1 223397
1 223697
1 223997
1 224447
1 224897
2 225197 225497
1 225797
1 226397
1 226697
2 226997 227597
1 227897
2 228197 228797
1 229097
1 229397
1 229997
1 230447
1 230897
1 231197
2 231797 232397
1 232697
1 232997
1 233597
1 234047
1 234497
2 234797 235397
1 235997
2 236597 237197
1 237497
2 238397 238697
2 238997 240197
411
1 27347
1 27797
1 28997
1 29447
1 29897
1 30197
1 31097
1 31697
1 32597
1 33197
1 34097
1 35297
1 36122
1 36497
1 37097
1 37697
1 38897
1 39947
1 40847
1 41297
1 42047
1 42497
1 43247
1 43847
1 44447
1 45047
1 45497
1 45797
1 46697
1 47297
1 47897
1 48497
1 49097
1 49997
1 50447
1 51197
1 52397
1 52997
1 53597
1 54497
1 55097
1 55997
1 56597
1 57197
1 57497
1 58247
1 58547
1 58997
1 59297
1 59597
1 60047
1 60497
1 60797
1 61697
1 61997
1 62297
1 62897
1 63497
1 64097
1 64397
1 64897
1 65297
1 65747
1 66197
1 66797
1 67697
1 67997
1 68447
1 68897
1 69197
2 70097 70397
2 70697 70997
1 71497
1 71897
2 72797 73397
1 73697
1 73997
1 74597
1 75197
1 75497
2 76097 76397
1 76697
2 77597 77897
1 78497
1 78797
1 79247
1 79697
1 79997
1 80447
1 80897
1 81197
1 81647
1 81947
1 82397
1 82997
1 83447
1 83897
1 84147
1 84797
1 85247
2 85697 85997
1 86297
1 87047
1 87797
1 88097
1 88697
2 89297 89597
1 90197
1 90597
1 90797
2 91697 91997
2 92597 93197
1 93497
1 93797
1 94397
1 94697
1 95597
1 96197
1 96797
1 97547
1 97997
1 98447
1 98747
1 99347
1 99947
1 100547
1 101297
1 101897
1 102347
1 102797
1 103097
1 103697
1 103997
1 104597
1 105197
1 105647
1 106097
1 106397
1 106997
1 107297
2 107597 108197
1 108497
1 108797
2 109397 110597
1 110897
1 111197
2 111497 111797
1 112097
1 112397
1 112997
1 113597
1 114197
1 114497
2 114797 115397
1 115847
1 116147
1 116597
1 117197
1 117497
2 117797 118997
1 119297
1 119597
1 120047
2 120797 121397
2 121697 121997
1 122297
1 122597
1 123197
1 123497
1 123947
1 124397
1 124847
1 125147
1 125597
1 125897
1 126347
1 126647
1 127097
1 127547
1 127997
1 128297
1 128747
1 129197
1 129497
1 129797
1 130247
1 130697
1 130997
1 132197
1 132647
1 133397
1 133847
1 134447
1 134747
1 135197
1 135497
1 135797
1 136097
1 136547
1 136997
1 137297
1 137597
1 138047
1 138647
1 138947
1 139247
2 139697 140297
2 140897 141497
1 141797
1 142097
1 142547
1 143147
1 143597
1 144047
1 144497
1 144797
1 145247
1 145547
1 145847
1 146297
1 146597
1 147047
1 147347
1 147797
1 148247
1 148847
1 149147
1 149597
1 149897
1 150197
1 150497
1 151397
1 151697
1 151997
1 152447
1 153047
1 153497
1 153797
1 154097
1 154547
1 154997
1 155297
1 155597
1 156047
1 156647
1 157097
1 157397
1 157697
1 157997
1 158447
1 158897
1 159497
1 160397
1 160697
1 161297
1 161597
1 162047
1 162347
1 162647
1 162947
2 163397 163997
1 164447
1 164897
1 165197
1 165797
1 166247
1 166547
1 167297
1 167597
2 168197 168797
1 168947
1 169247
1 169697
1 169997
1 170897
1 171197
1 171497
1 172097
1 172397
1 172847
1 173297
1 173597
2 174197 174797
1 175097
1 175997
1 176447
1 176747
1 177047
1 177347
1 177647
1 178247
1 178547
2 178997 179597
2 180197 180797
1 181097
1 181697
1 181997
1 182447
1 182897
1 183197
1 183797
1 184247
1 184547
2 184997 185597
1 185747
1 186047
1 186497
1 186797
1 187247
1 187697
1 187997
1 188897
1 189197
1 189647
1 189947
1 190397
1 191147
1 191597
1 191897
1 192197
1 192647
1 192947
1 193247
1 193547
1 193997
1 194447
1 194897
1 195197
1 195647
1 196097
1 196397
1 196847
1 197297
1 197747
1 198347
1 198647
1 198847
1 199097
1 199397
1 199997
1 200597
1 201047
1 201797
2 202397 202997
2 203297 203597
1 203897
1 204197
1 204797
1 205097
2 205697 205997
1 206447
1 207197
1 207797
1 208097
2 208397 208997
1 209297
2 209597 210197
1 210497
2 210797 211097
1 211397
2 211997 212597
2 212897 213197
1 213497
1 213797
1 214397
1 214697
2 214997 215297
1 215597
1 216047
1 216797
2 217397 217997
1 218447
2 219197 219797
1 220097
1 220397
1 220997
2 221597 222197
2 222497 222797
1 223247
1 223997
1 224297
2 224597 225197
1 225647
1 226097
1 226397
1 226997
1 227447
1 227747
1 228497
2 228797 229397
1 229547
1 229847
1 230297
2 230597 231197
1 231497
1 232097
1 232397
2 232997 233597
1 233747
1 234197
1 234797
1 235397
1 235997
1 236297
1 236897
1 237197
2 237797 238097
2 238397 238997
1 239297
1 239597
1 240197
410
1 26597
1 27497
1 28097
1 29297
1 29597
1 30047
1 30497
1 31397
1 32297
1 32997
1 33497
1 34397
1 35597
1 36159
1 37247
1 37997
1 39197
1 39797
1 40397
1 40997
1 41447
1 41897
1 42197
1 42647
1 43097
1 43547
1 44147
1 44897
1 45197
1 45497
1 46097
1 46397
1 46997
1 47297
1 47597
1 48047
1 48797
1 49397
1 49697
1 50297
1 50897
1 51797
1 52397
1 53297
1 53897
1 54797
1 55697
1 56297
1 56897
1 57647
1 58097
1 58397
1 58847
1 59297
1 59897
1 60647
1 60947
1 61847
1 62597
1 63197
1 63647
1 64097
1 64697
1 64947
1 65597
1 65897
2 66497 66797
1 67397
1 67847
1 68297
1 68597
1 68897
1 69497
1 70397
1 71397
1 71597
1 72197
1 72797
2 73397 73997
1 74447
1 75197
1 75647
1 76397
1 76997
1 77597
2 77897 78197
1 78647
1 78947
1 79547
1 79847
1 80147
1 80747
1 81047
1 81347
1 81797
1 82247
1 82547
1 83147
1 83597
1 84097
1 84497
1 84947
2 85397 85997
1 86597
1 87197
1 87647
1 88097
1 88397
1 88997
2 89597 90197
1 90697
1 91097
2 92297 92597
2 92897 93197
1 94097
1 94547
1 94847
2 95297 95597
1 95897
2 96497 96797
1 97397
1 97697
1 97997
1 98297
1 98597
1 98897
1 99497
1 100247
1 100847
1 101447
1 102047
1 102647
1 103097
1 103397
1 103997
1 104297
1 104897
1 105197
2 105797 106997
1 107597
1 108047
1 108797
1 109097
1 109697
1 109997
1 110597
1 111197
2 111797 112397
1 112697
1 113297
2 113597 114197
1 114497
1 114797
1 115247
1 115697
1 115997
1 116297
2 116597 117797
1 118247
1 118547
1 118997
1 119447
1 119897
2 120197 120797
2 121397 121697
1 121997
1 122597
1 123047
1 123647
1 124247
1 124547
1 124847
1 125297
1 125747
1 126047
1 126497
1 126947
1 127247
1 127847
1 128447
1 129047
1 129647
1 129947
1 130397
1 130697
1 131147
1 132197
1 132797
1 133247
1 133547
1 133997
1 134297
1 134597
1 134897
1 135197
1 135647
1 136097
1 136397
1 136847
1 137447
1 137897
1 138347
1 138797
1 139097
1 139397
2 139997 140597
1 140897
2 141197 141797
1 141947
1 142397
1 142997
1 143747
1 144047
1 144347
1 144647
1 144947
1 145397
1 145697
1 146147
1 146447
1 146747
1 147197
1 147647
1 147947
1 148397
1 148697
1 148997
1 149297
1 149897
1 150347
1 150647
2 151097 151397
1 151847
1 152297
1 152597
1 152897
1 153197
1 153647
1 153947
1 154397
1 154847
1 155147
1 155447
1 155747
1 156197
1 156497
1 156797
1 157247
1 157847
1 158297
1 158597
1 159197
1 160097
1 160697
1 160997
1 161447
1 161747
1 162197
1 162797
1 163247
1 163547
1 163847
1 164147
1 164747
1 165047
1 165347
1 166097
1 166397
1 166847
1 167447
1 167747
1 168047
1 168497
1 168797
1 169097
1 169547
1 169847
2 170597 171197
1 171647
1 171947
1 172247
1 172547
1 172997
1 173597
1 174197
1 174797
1 175697
1 175997
2 176597 177197
1 177497
1 177947
1 178397
1 178847
1 179147
1 179522
1 179897
1 180497
1 180797
1 181247
1 181547
1 181847
1 182147
2 182597 183197
1 183497
1 183947
1 184397
1 184847
1 185297
1 185597
2 186197 186797
1 186947
1 187397
1 187997
1 188447
1 188747
1 189047
1 189347
1 189797
1 190547
1 190997
1 191447
1 191747
1 192047
1 192347
1 192797
1 193097
1 193697
1 193997
1 194297
1 194747
1 195047
1 195797
1 196247
1 196547
1 196847
1 197147
1 197447
1 197897
1 198497
1 198897
1 199697
1 200297
1 200897
1 201347
1 201647
1 202097
1 202397
2 202997 203597
1 204047
1 204497
1 204797
2 205397 206597
1 206897
1 207197
2 207797 208397
1 208697
1 209597
2 210197 210797
2 211397 211997
1 212297
1 212897
2 213197 213497
1 213647
1 214097
1 214397
1 214847
2 215297 215597
1 215897
1 216197
1 216647
1 216947
1 217397
1 217697
2 217997 218597
2 218897 219197
2 219797 220397
1 220697
1 221297
1 221597
2 222197 222497
2 222797 223397
1 223847
1 224147
2 224597 224897
2 225197 225797
1 226247
1 226547
2 227597 228197
1 228647
1 228947
2 229397 229997
1 230147
1 230597
2 231197 231797
1 232397
1 232847
1 233297
2 233597 234197
1 234497
1 234797
1 235247
1 235697
1 235997
1 236597
1 237197
2 237797 238397
1 238847
1 239297
1 239597
1 240197
370
1 27647
1 28397
1 28997
1 29597
1 30047
1 30797
1 31397
1 31997
1 32897
1 33197
1 33797
1 34997
1 35897
1 36197
1 37397
1 37997
1 38597
1 39797
1 40097
1 40697
1 40997
1 41747
1 42197
1 42947
1 43397
1 43997
1 44597
1 44897
1 45197
1 45797
1 46397
1 46997
1 47597
1 48197
1 48797
1 49397
1 49997
1 50597
1 51197
1 52097
1 52697
1 53597
1 54197
1 54497
1 54797
1 55397
1 55997
1 57197
1 57797
1 58397
1 58697
1 59597
1 60197
1 60797
1 61547
1 61997
1 62447
1 62897
1 63197
1 63797
1 64397
1 64997
1 65597
1 66047
2 66797 67397
1 67847
1 68597
1 69197
2 69797 70397
1 70997
1 71597
1 72197
2 73097 73397
1 73997
1 74897
1 75197
1 75797
2 76397 76997
1 77597
1 78197
1 78497
1 78797
1 79397
1 79997
1 80597
1 81197
1 81797
1 82397
1 82847
1 83297
1 83597
1 84197
1 84797
1 85397
2 85997 86597
1 86897
1 87197
1 87647
1 88397
2 88997 89597
2 89897 90197
1 90497
1 90797
1 91397
2 91997 92597
1 93197
1 93647
1 94397
1 94997
2 95597 96197
2 96797 97097
1 97697
1 97997
1 98597
1 99047
1 99647
1 100097
1 100697
1 101147
1 101747
1 102497
1 102797
2 103397 104597
1 104897
1 105197
1 105497
1 105797
1 106397
2 106997 107597
1 107897
1 108197
1 108797
1 109397
1 109697
1 109997
2 110597 111197
1 111497
1 112097
2 112397 112997
1 113597
2 114197 114797
1 115397
1 115997
1 116447
1 116897
1 117197
1 117647
1 118097
1 118397
2 118997 120197
2 120497 120797
2 121097 121397
1 121697
2 121997 122597
1 122897
1 123347
1 123797
1 124097
1 124697
1 124997
1 125297
1 125597
1 126197
1 126497
1 126797
1 127397
1 127697
1 128147
1 128597
1 128897
1 129347
1 129647
1 130097
1 130397
1 130847
1 131297
2 131897 132197
1 132347
1 132797
1 133097
1 133997
1 134297
1 134597
1 135047
1 135497
1 135947
1 136397
1 136697
1 137147
1 137597
1 138197
1 138797
1 139247
1 139997
2 140297 140897
1 141197
2 141497 141797
1 142247
1 142697
1 142997
1 143447
1 143897
1 144197
1 144797
1 145097
1 145697
1 145997
1 146297
1 146897
1 147197
1 148097
1 148397
1 148697
1 148997
1 149447
1 149747
1 150197
1 150797
1 151547
1 151997
1 152597
1 153347
1 153647
1 154097
1 154397
1 154697
1 155297
1 155897
1 156197
1 156947
1 157547
1 157997
1 158297
1 158597
1 159197
1 159797
1 160397
1 160997
1 161597
2 162197 162797
1 163097
1 163697
1 163997
2 164597 165197
1 165647
1 166397
2 166997 167597
1 167897
1 168347
1 168797
1 169397
2 169997 170597
1 171047
1 171347
1 171797
1 172397
2 172997 173597
1 173897
1 174497
1 174797
1 175397
1 175997
1 176297
1 176897
1 177197
2 177797 178397
1 178697
1 179297
2 179597 180197
1 180797
2 181397 181997
1 182297
1 182597
1 183197
1 183647
1 184097
1 184397
1 184997
1 185597
1 186197
1 186647
2 187397 187997
1 188297
1 188597
1 189197
1 189797
1 190247
1 190697
1 190997
1 191297
1 191897
1 192197
1 192497
1 193097
1 193397
1 193847
1 194297
1 194597
1 195347
1 195797
1 196097
1 196697
1 196997
1 197597
1 198047
1 198497
1 198797
1 199397
1 200747
1 201197
1 201497
1 201797
1 202397
2 202997 203297
2 203597 204197
1 204797
2 205397 205697
1 205997
1 206297
2 206597 207797
1 208397
1 208997
1 209597
2 210197 210497
2 210797 211397
1 211697
1 211997
2 212597 213197
2 213797 214997
1 215297
2 215597 215897
2 216197 216797
1 217097
1 217547
1 217997
1 218297
2 218597 219197
2 219497 219797
1 220397
2 220997 221597
1 221897
2 222797 223097
2 223397 224297
2 224897 225197
1 225497
2 225797 226997
1 227297
1 227597
1 228197
1 228797
1 229247
1 229697
2 229997 230597
1 231197
1 231797
1 232097
2 232397 232997
1 233447
1 233897
2 234197 234797
1 235097
2 235397 236597
1 236897
2 237197 237797
2 238097 238397
1 238697
1 238997
1 239597
1 239897
1 240197
