4
165000

134
2 1346 4181
1 12343
1 14062
1 15436
1 18186
1 19560
1 20935
1 22997
1 24028
1 25059
1 25746
1 26090
1 27121
1 27808
1 28324
1 28839
1 29870
1 30901
1 31245
1 32276
2 32963 33307
1 34338
1 35369
1 36056
1 36743
1 37259
1 37774
1 38805
1 39493
1 41211
1 41555
2 42586 42929
2 43960 44648
1 45335
1 46194
1 47053
1 47741
1 48772
2 49803 50146
1 50490
1 51521
1 52552
1 53239
1 54270
2 55301 55645
1 55988
1 57191
1 58050
1 58738
1 59769
1 60800
1 61487
1 62604
1 63549
2 64236 64580
1 65353
1 66298
1 67329
1 68017
1 68704
1 69735
1 70422
1 71110
1 71453
1 72484
1 73172
1 73859
1 74890
1 75577
1 76608
1 77983
1 79014
1 79701
1 80732
1 81419
1 82107
1 83138
1 83481
1 84169
1 84856
1 85200
1 86574
1 87605
1 88980
1 95510
2 99290 99634
1 100665
1 101352
1 101867
1 102727
1 103414
1 104101
1 104617
1 105132
1 107881
1 108225
2 109600 109943
1 110287
1 115442
1 117504
2 120941 121284
1 122315
1 123346
1 124034
1 124721
1 125236
1 125752
1 126783
1 127470
1 129189
1 129532
2 130563 130907
2 131938 132625
1 133312
1 136062
1 136921
1 137780
1 138467
2 139498 140701
1 141560
1 142248
1 142935
1 143966
1 144653
1 145341
1 146715
1 147403
1 148090
1 149121
1 150496
1 151183
1 152214
1 152815
2 154018 154534
142
2 659 1002
1 1346
2 6931 9680
1 12687
1 13718
1 16467
1 17842
1 19217
1 21966
1 23341
1 24372
1 25059
1 25574
1 26777
1 27808
1 28495
1 29526
1 29870
1 30557
1 31588
1 32619
1 33736
1 34510
1 35025
1 36056
1 36572
1 37087
1 38118
1 38805
1 39321
1 39836
1 40180
2 42929 43273
1 43960
1 45679
1 46710
1 47741
2 48428 48772
1 48943
1 49459
1 50146
1 50490
1 51177
1 51693
1 52208
1 53239
1 53926
1 54957
1 55988
1 56676
1 57707
1 58738
1 59425
1 59941
1 60456
1 61143
1 61487
1 62174
1 63205
1 64236
2 64924 65353
1 65955
2 66642 66986
1 68360
1 69048
1 69563
1 70422
1 70938
1 71797
1 72312
1 73172
1 73687
1 74546
1 75234
1 76265
1 76952
1 77296
1 78327
1 79357
1 80045
1 80560
1 81419
1 81935
1 82794
1 84169
1 84684
1 85543
1 86231
1 87262
1 87949
1 88293
1 89324
1 92760
1 94822
1 97572
2 99977 100321
1 100665
1 101180
1 101696
1 102383
1 103414
1 103929
1 104445
1 105476
1 106507
1 106850
2 109256 109600
1 110459
1 114067
1 118879
2 121628 121972
1 122487
1 123003
1 124034
1 124549
1 125065
1 126096
1 126783
1 127298
1 127814
1 128158
2 130907 131250
1 135804
2 137093 137436
1 138124
1 138467
2 140873 141560
1 142591
1 143279
1 143794
1 144653
1 145169
1 146028
1 146372
1 147403
1 147918
1 148777
1 149465
1 151183
1 151527
1 153331
1 154963
147
2 1002 1346
2 4181 6931
1 13546
1 14577
1 16811
1 19045
1 20591
1 22310
1 23684
1 24200
1 24715
1 25746
1 26433
1 27121
1 28152
1 29183
1 30214
1 31245
1 31932
1 32448
1 33307
2 33994 34338
1 34681
1 35197
1 35712
1 36400
1 37431
1 37946
1 38462
1 39493
1 40524
1 40867
2 43273 43617
1 44648
1 46022
1 46366
1 47053
1 47569
1 48084
2 49115 49459
1 49803
1 50834
1 51865
1 52552
1 53067
1 53583
1 54614
1 55301
1 56332
1 57019
1 57363
1 58050
1 58566
1 59081
1 60112
1 60800
1 61831
1 62432
1 62862
1 63549
1 64065
2 64580 64924
1 65611
1 66298
2 66986 67329
1 67673
1 68188
1 69048
1 69735
1 70766
1 71797
1 72828
1 73859
1 74546
1 75062
1 75921
1 76436
1 77296
2 77639 77983
1 78670
1 79186
1 80045
1 80732
1 81763
1 82794
1 83310
1 83825
1 84856
1 85543
1 86059
1 86918
1 87434
1 88293
2 88636 88980
1 93448
1 98259
2 98946 99290
1 100493
1 101008
1 102039
1 102555
1 103070
1 104101
1 104788
1 105304
1 105819
1 106163
2 108912 109256
1 109943
1 110631
1 113810
1 116817
2 121284 121628
1 122659
1 123174
1 123690
1 124377
1 125408
1 125924
1 126439
1 127470
1 128501
1 128845
2 131250 131594
2 132625 133312
1 135546
1 136405
1 136749
1 137436
2 137780 138124
2 138811 139498
1 141904
1 142420
1 143279
1 143966
1 144997
1 146028
1 146543
1 147059
1 148090
1 148777
1 149293
1 149808
1 150152
1 153073
1 153846
1 155221
134
2 9680 12343
1 13202
1 15093
1 17326
1 18701
1 20076
2 22653 22997
1 23684
1 24372
1 25403
1 26433
1 26949
1 27464
1 28495
1 29183
1 29698
1 30557
1 31073
1 31932
1 32619
1 33564
1 34681
1 35369
1 35884
1 36743
1 37431
1 38118
1 38634
1 39149
1 41898
1 42242
2 43617 43960
2 44648 45335
1 45679
2 46366 46710
1 47397
1 48428
1 49115
1 50318
1 51177
1 51865
1 52895
1 53926
1 54614
2 55645 55988
1 56676
1 57363
1 58394
1 59425
1 60112
1 61315
1 62174
1 62862
2 63721 64065
1 64924
2 65611 65955
1 67673
1 68360
1 69391
1 70079
1 71110
1 72141
1 72484
1 73515
1 74203
1 75234
1 75921
1 76608
2 77983 78327
1 78670
1 79357
1 80388
1 81076
1 82107
1 82450
1 83481
1 84512
1 85887
1 86231
1 86918
1 87605
2 88980 89324
1 94135
2 99634 99977
1 100321
1 101352
1 102039
1 102727
1 103242
1 103758
1 104788
1 105476
1 107194
1 107538
2 108569 108912
1 110115
1 111318
1 113552
1 119566
2 121972 122315
1 122659
1 123346
1 123862
1 124721
1 125408
1 126096
1 126611
1 127127
1 129876
1 130220
2 131594 131938
1 132625
2 133312 135546
1 136405
1 137093
1 138296
1 138811
1 141217
1 141904
1 142591
1 143622
1 144310
1 145341
1 145684
1 146715
1 147746
1 148434
1 149465
1 149808
1 150839
1 151870
1 152558
1 153589
2 154534 154963
