4
185000

248
1 2639
1 3168
1 4051
1 4933
1 5462
1 6345
1 7404
1 8109
1 8815
1 9521
1 10227
1 10757
2 12345 12698
1 13933
1 15345
1 16227
1 16757
1 17815
1 18345
1 19051
1 19757
1 20992
1 21521
1 22051
1 22580
1 23109
1 23815
1 24521
1 25404
1 26462
1 27168
1 27521
1 28227
1 29639
1 30345
1 30874
1 31757
1 32462
1 33521
1 34404
1 35286
1 35639
1 35992
1 36698
1 37404
1 38109
1 38462
1 39521
1 39874
1 41109
1 41462
1 41992
1 43051
1 43757
1 44286
1 44815
1 45874
1 46580
1 47286
1 47639
1 48521
1 49404
1 50109
1 50639
1 51168
1 51698
1 52227
2 52933 53286
1 53462
1 54168
1 55051
1 55757
1 56286
1 56815
1 57521
1 57874
1 58580
1 58933
2 59992 60345
1 60698
1 61227
2 62109 62462
1 63521
1 64227
1 64757
1 65286
2 65992 66345
1 66698
1 67051
1 67580
1 68286
1 68639
1 69168
2 69874 70051
1 70404
2 71286 71462
1 71992
2 72698 72874
2 73404 73580
2 73933 74109
1 74992
2 75521 75698
1 76051
2 76933 77109
1 77286
2 77639 77815
2 78168 78345
1 79051
2 79580 79757
2 80462 80639
1 80992
1 81698
1 82933
1 83286
1 83992
1 84521
1 85051
1 85404
1 85757
1 86109
1 86639
1 87168
1 87698
1 88227
1 88580
1 89109
2 89992 90168
2 90345 90521
2 91051 91757
1 92462
1 93168
1 94227
1 94933
1 95286
1 95992
1 97404
1 98109
1 99521
1 100227
1 101286
1 101462
1 103051
1 103404
1 103757
1 104462
1 105168
1 105874
1 106404
1 107286
1 107639
1 107815
1 108698
1 109404
1 110109
1 110815
1 111521
1 112051
1 112580
1 112757
1 114521
1 114874
1 115404
1 117168
1 117874
2 118580 118933
1 119992
1 120345
1 121051
1 121757
1 121933
1 122815
1 123521
1 124933
1 125639
1 126345
1 127051
2 127757 128109
1 128462
1 129168
2 129874 130227
1 131286
1 131992
1 132521
2 133757 134109
1 134815
2 135521 135874
1 136933
1 137286
2 137992 138168
2 138345 138698
2 139404 139580
2 139757 140109
1 140462
1 141168
2 141874 142227
1 142580
2 143286 143639
2 144345 144521
1 145051
2 145580 145757
1 146109
1 146639
2 147168 147345
2 147874 148051
1 148227
2 148933 149286
2 150345 150698
1 151227
1 151757
1 152109
1 152639
1 152992
1 153345
1 153698
1 154227
1 154580
1 155286
1 155815
1 156345
1 156698
1 157227
2 157757 157933
2 158109 158462
2 158815 159521
1 159874
1 160227
1 161462
1 162698
1 163404
1 164462
1 165874
1 166580
1 167639
1 168345
1 168698
1 169227
1 170462
1 171521
1 172580
1 172757
1 173639
1 174168
1 175051
1 175757
1 176462
1 177168
1 177874
1 179639
265
1 2286
1 3521
1 5109
1 5992
1 7051
1 7933
1 8462
1 9168
1 9698
1 10227
1 11109
2 11639 11992
2 12698 13051
1 13580
1 14462
1 14992
1 15521
1 16404
1 16933
1 17992
1 18698
1 19404
1 20109
1 20639
1 21521
1 22227
1 22757
1 23639
1 24168
1 25051
1 25933
1 26462
1 26815
1 27521
1 28051
1 28580
1 29109
1 29639
1 29992
1 30698
1 31404
1 32109
1 32639
1 32992
1 33874
1 34933
1 35992
1 36521
1 37051
1 37757
1 38639
1 39521
1 40580
1 40933
1 41639
1 42345
1 42874
1 43757
1 44462
1 45168
1 45521
1 46227
1 46757
1 47109
1 47815
1 48345
1 49051
1 49580
2 50109 50462
1 50815
1 51521
1 52227
1 52580
2 53639 53992
2 54698 55051
1 55404
1 56109
1 56992
1 57345
1 58051
1 58404
2 59286 59639
1 60698
1 61404
1 61933
1 62639
1 63168
1 63698
1 64051
1 64580
2 65639 65992
1 66345
2 67051 67404
2 67757 68109
1 68815
1 69168
1 69698
1 70580
2 71109 71286
1 71639
1 72168
2 72521 72698
2 73227 73404
2 74109 74462
1 74815
1 75345
2 76580 76757
2 77286 77462
2 77992 78168
1 78874
2 79757 79933
2 80109 80286
2 80639 80815
2 81168 81345
1 81874
2 82580 82757
1 83462
2 83815 83992
1 84168
1 84698
1 85051
1 85757
1 86286
1 86815
1 87521
1 88051
1 88757
1 89286
2 89639 89815
2 90698 90874
1 91227
1 91757
1 92109
1 92815
1 92992
1 93698
1 94227
1 94580
1 95286
1 96345
1 96521
1 97404
1 97757
1 98462
1 98639
1 99168
1 99874
1 100404
1 100757
1 101639
1 102521
1 102698
1 103757
1 104815
1 105521
1 106227
1 106580
1 107286
1 108874
1 109227
1 109757
1 109933
1 110639
1 111521
1 111874
1 112933
1 113639
1 114345
1 115051
1 115580
1 116109
1 116286
1 116815
1 117345
2 117874 118227
1 118580
1 119109
1 119462
1 120698
2 121404 121757
2 122462 122815
1 123168
1 123874
1 124051
1 124580
1 125286
1 125815
1 126168
1 126698
2 127051 127404
1 128462
1 128992
1 129698
1 130227
1 130933
1 131462
1 131815
2 132698 133051
1 134109
1 134462
2 134815 135168
1 135521
1 136051
1 136404
1 136933
1 137462
1 138168
2 138874 139051
1 139757
2 140286 140462
2 140992 141168
2 141698 141874
1 142757
1 143109
1 143815
2 144698 144874
1 145227
2 145757 145933
2 146462 146815
2 147521 147698
2 148227 148404
1 148757
1 149462
2 150168 150345
1 151051
2 151580 151757
1 152462
1 152992
1 153521
1 154051
1 154580
1 154933
1 155639
1 156345
1 157051
1 157933
1 158992
1 159521
1 159874
1 160933
1 161992
1 163051
1 163757
1 165168
1 165874
1 167286
1 168168
1 168698
1 169757
1 170815
1 171168
1 171874
1 172051
1 173286
1 173815
1 174345
1 175051
1 175933
1 176109
1 176639
1 176992
1 178227
1 178933
1 179992
1 180698
256
1 2462
1 3168
1 3698
1 4227
1 4933
1 5639
1 6521
1 7227
1 7757
1 8815
1 9874
1 10933
2 11992 12345
2 13051 13404
1 13757
1 14109
1 14815
1 15521
1 16227
1 16933
1 17639
1 18521
1 19051
1 19580
1 20462
1 21168
2 21698 22051
1 22404
1 22933
1 23462
1 23992
1 24698
1 25404
1 26109
1 26992
1 27345
1 28227
1 28757
1 29286
1 30345
1 31051
1 32462
1 33168
1 33874
1 34580
1 35462
1 35815
1 36698
1 37757
1 38286
1 38815
1 39168
1 40227
1 40933
1 41286
1 42345
1 42698
1 43404
1 44109
1 45168
1 45698
1 46580
1 46933
2 47992 48345
2 49051 49404
1 49933
2 50815 51168
1 51874
1 52933
1 53992
1 54698
1 55227
2 55757 56109
2 56462 56815
1 58227
2 58580 58933
1 59286
1 59815
2 60345 60698
1 61051
1 61757
1 62462
1 62992
1 63521
1 63874
2 64933 65286
1 65462
1 66345
1 66874
1 67757
1 68462
1 69257
1 69521
2 70933 71109
2 72345 72521
2 73051 73227
2 73757 73933
1 74286
1 74815
1 75168
2 75874 76051
2 76227 76404
2 76757 76933
1 77462
2 77815 77992
2 78345 78521
2 79051 79227
2 79404 79580
2 80286 80462
1 81168
2 81521 81698
2 81874 82051
2 82404 82580
2 82933 83109
2 83286 83462
1 84345
1 84874
1 85227
1 85580
1 85933
1 86462
1 86992
1 87345
1 87874
1 88404
1 88933
1 89462
1 90168
1 91933
1 92286
1 93168
1 93874
1 94757
1 95109
1 95992
1 96874
1 97051
1 98109
1 98815
1 100227
1 100933
1 101639
1 102345
1 103227
1 103580
1 104462
1 105521
1 106051
1 106933
1 107109
1 107992
1 108698
1 109051
1 110109
1 110462
1 111168
1 111698
1 112227
1 112933
1 113286
1 113462
1 114345
1 114698
2 115757 116109
2 116815 117168
1 117698
1 118933
1 119639
1 120168
1 120521
1 121227
1 122462
1 122992
2 123521 123874
2 124227 124580
1 125992
2 126345 126698
2 128109 128462
1 128815
1 129521
1 130404
1 130757
2 131992 132345
1 132698
2 133404 133757
1 134109
1 134639
1 135874
1 136580
1 137021
1 137639
1 138345
2 138698 138874
1 139404
2 140109 140286
2 140815 140992
2 141521 141698
1 142051
1 142580
1 142933
2 143639 143815
2 143992 144345
2 144521 144698
2 145051 145227
1 145404
2 145933 146109
2 146815 147168
1 147698
2 148051 148227
2 148580 148933
1 149639
2 149992 150168
1 150698
2 151404 151580
1 151933
1 152286
1 152815
1 153168
1 153521
1 153874
1 154404
1 155109
1 155462
1 155992
1 156521
1 156874
1 157404
1 158109
1 158639
1 159521
1 160051
1 160580
1 161286
1 162345
1 162874
1 164109
1 164815
1 165521
1 166227
1 166933
1 167992
1 169051
1 169404
1 170462
1 171521
1 172227
1 173286
1 173992
1 174698
1 174874
1 176462
1 176815
1 177521
1 178580
1 180521
1 181051
244
1 2110
1 2815
1 3874
1 4580
1 5286
1 5992
1 6698
1 7051
1 7757
1 8286
1 9345
2 10404 10757
2 11286 11639
1 13404
1 14109
1 15168
1 15874
1 16580
1 17286
1 18345
1 19227
1 19757
1 20815
1 21168
1 22580
1 23286
1 23992
1 24345
1 24698
1 25227
1 25757
1 26815
1 27874
1 28933
1 29815
1 30168
1 31051
1 31580
1 32109
1 32815
1 33168
1 33698
1 34227
1 34757
1 35286
1 36345
1 37227
1 38109
1 38815
1 39345
1 40051
1 40404
1 41639
1 42168
1 43404
1 43933
1 44462
1 44992
1 46051
2 47286 47639
1 47992
2 48698 49051
1 49404
1 49757
1 50462
1 51345
1 52404
1 52757
1 53286
1 53639
2 54345 54698
1 55051
1 55580
1 56462
1 57168
1 57874
1 58227
1 59109
1 59639
1 60345
1 60874
2 61404 61757
1 62109
1 62815
2 64227 64580
1 64933
1 65992
1 66521
1 67404
1 68109
1 69345
1 69874
2 70227 70404
2 70580 70757
2 71639 71815
2 71992 72168
1 72698
1 73404
2 74462 74815
1 75521
1 76227
2 77109 77286
1 77639
1 78345
2 78698 78874
1 79933
1 80462
2 80815 81168
2 82227 82404
2 83639 83815
1 83992
1 84698
1 85227
1 85580
1 86109
1 86815
1 87521
1 88580
1 88933
1 89639
1 90345
1 90874
1 91404
1 91757
1 92462
1 93521
1 94580
1 95639
1 95815
1 96698
1 97580
1 97933
1 98815
1 99345
1 99874
1 100580
1 100933
1 101992
1 102168
1 103051
1 104109
1 104286
1 104992
1 105874
1 106580
1 108168
1 108345
1 109404
1 111168
1 112227
1 113815
1 113992
2 115051 115404
1 115757
2 116462 116815
1 117168
1 117521
1 118227
1 118404
1 119286
1 119992
2 120698 121051
1 121404
2 122109 122462
1 122815
1 123345
1 124227
1 124757
1 125109
1 125639
1 125992
1 126874
1 127404
1 127580
1 128109
1 128639
2 129168 129521
1 129874
1 130580
1 131286
1 131639
1 132345
1 133051
1 133227
1 133757
1 134286
1 135168
1 135345
1 136227
1 137109
2 137639 137992
2 139051 139404
1 139933
2 140462 140815
2 141168 141521
2 142227 142580
1 143286
1 143992
2 144874 145051
2 145404 145580
2 146109 146462
1 146815
2 147345 147521
2 148404 148580
1 148933
2 149286 149462
2 149639 149992
2 150698 150874
2 151051 151404
1 151757
1 152462
1 152815
1 153345
1 153874
1 154757
1 155286
1 156168
1 156698
2 157404 157757
2 158462 158815
1 159168
1 159698
1 160227
1 161639
1 163051
1 163580
1 164815
1 165521
1 167109
1 167639
1 168521
1 170109
1 171168
1 172227
1 172933
1 173639
1 174345
1 175404
1 175580
1 177168
1 178404
1 179286
1 180345
2 181404 182462
