4
142000

166
1 1638
1 2377
1 4150
1 6219
1 7106
1 8731
1 9027
1 10357
1 10948
1 11687
1 12426
1 13461
1 14791
1 15973
1 17451
1 18485
1 19520
1 20111
1 20554
1 20997
1 21441
1 22180
1 22623
1 23066
1 23510
1 24249
1 24840
1 25431
1 26022
1 27204
1 27795
2 28387 28682
2 29569 30751
1 31638
1 31933
1 32525
1 34002
1 34150
1 34594
1 35185
1 35776
2 36071 36662
1 36958
1 37549
1 37845
2 39027 39618
1 39914
2 40800 41392
1 41983
1 42426
1 43017
2 43756 44347
1 44791
1 45529
2 46121 46712
1 47007
1 47746
1 48190
1 49076
2 49667 50259
1 50850
1 51441
1 52180
1 52919
2 53214 53805
2 54396 54988
1 55579
1 56465
1 56909
1 57204
1 57943
1 58239
1 58756
1 60899
1 62303
1 62672
1 62968
1 64150
1 65332
1 66219
1 66810
2 67401 68584
1 69470
1 70357
1 71244
1 72426
1 72869
1 73313
1 73756
1 74495
1 75086
2 75677 76860
1 77303
1 77746
1 78042
1 78485
1 79224
1 79520
1 80259
1 80554
1 80997
1 81736
1 82328
1 83362
1 83953
1 84692
1 85727
1 86318
1 87204
1 87500
1 87943
1 88387
1 88682
1 88978
1 89717
1 90456
1 91194
1 91786
1 92820
1 93411
1 93855
1 94150
1 94741
1 95185
2 95480 95628
1 96071
1 96662
2 97549 97845
1 98140
1 98731
2 99027 99175
1 99323
1 99618
2 100209 100357
1 100800
1 101392
1 102278
2 102869 104052
1 104347
2 104938 105086
1 105529
2 106121 107007
1 107303
1 107894
1 108485
1 109076
2 109667 109815
1 110111
1 110702
1 111293
1 111589
1 112328
1 112919
2 113510 114692
1 115135
2 115874 117057
1 119421
1 120456
1 121490
2 122968 124150
1 124741
2 125332 126515
1 128584
1 129027
1 129470
2 131244 133608
180
1 1490
1 2229
1 2968
1 3559
1 4298
1 4741
1 6071
1 6367
1 6958
1 7993
1 8584
1 9470
1 10800
1 11096
1 11835
1 13313
1 13608
1 14199
1 15382
1 16416
1 17746
1 18337
1 18781
1 19372
1 19963
1 20406
1 20850
1 21589
1 22032
1 22475
1 24101
1 24988
1 25579
1 26170
1 26613
1 27057
1 27352
1 28239
2 28978 29273
1 29569
1 30160
1 31047
2 31933 33116
1 33411
2 34298 35480
1 36071
1 36662
1 37549
1 38288
1 38731
1 39618
2 40209 40800
1 41392
1 42130
1 42869
1 43461
1 44347
2 44938 45529
1 46121
1 46712
1 47155
1 47598
1 47894
2 48485 49076
2 50259 50850
1 51589
1 52032
1 52328
1 52623
1 53805
1 54249
1 54988
1 55579
1 56170
1 56909
1 57204
1 58978
1 59717
1 60308
1 60603
1 61121
1 61490
1 63707
1 64889
1 66071
1 66367
1 67401
1 67993
2 68584 69766
1 70061
1 70948
1 71539
1 71761
1 71983
1 72278
1 72722
1 73313
1 73608
1 73904
1 74347
1 74643
1 75234
1 76860
1 77155
1 77894
1 78928
1 79667
1 80111
1 81145
1 81589
1 82032
1 82919
1 83214
1 83805
1 84396
1 84840
1 85948
1 86465
1 86761
1 87352
1 88091
1 88830
1 89569
1 90012
1 90603
1 91047
1 91490
1 92377
1 92672
1 93707
1 94298
1 94594
1 94889
2 95185 95332
1 95628
2 96662 97549
1 97845
2 98362 98584
2 99175 99323
2 100357 100505
1 101096
1 101687
2 102574 102869
1 103165
1 104199
2 104643 104791
1 104938
2 105234 106121
1 106416
2 107007 107303
1 107598
2 108042 108485
2 108781 109667
2 109815 109963
1 110259
1 110850
1 111145
1 111736
1 112180
1 112475
1 112771
1 113066
1 113362
1 114988
1 115283
2 118239 119421
1 119717
1 120308
2 121786 122968
1 124150
1 124594
1 124889
1 125628
2 126515 127697
1 128879
1 129175
1 129618
2 130061 131244
1 132130
2 133608 138337
173
1 1342
1 2007
1 3707
1 4002
1 4594
1 5924
1 6515
1 8436
1 8879
1 9323
1 10653
1 11465
1 12722
1 13165
1 13756
1 14052
1 15529
1 15825
1 17155
1 17894
1 18190
1 18633
1 19150
1 19741
1 20259
1 20702
1 21293
1 21736
1 22771
1 23214
1 23658
1 23953
1 24544
1 24692
1 25135
1 25874
1 26318
1 26909
1 27500
1 28091
1 30456
2 30751 31933
1 32229
1 33116
1 33707
1 34889
2 35480 36071
1 36367
1 36958
1 37254
1 38288
1 39027
1 40209
2 41392 41983
1 42278
1 42722
1 43165
1 44347
1 44643
1 45825
1 46860
1 47451
1 48190
1 48485
1 49372
1 50259
1 51441
1 51884
1 52475
1 52919
1 53953
1 55209
1 55874
1 56465
1 56761
1 57057
1 58534
1 60160
1 61342
1 61712
1 62081
1 62525
1 63485
1 64446
1 65037
1 65850
1 66662
1 67697
1 68584
1 69175
2 69766 70948
1 72130
1 72722
1 73165
1 73461
1 73904
1 74199
1 74791
1 75382
1 75677
1 77007
1 77598
1 78337
1 78633
1 79372
1 79963
1 81441
1 81884
1 82475
1 82771
1 83066
1 83953
1 84249
1 84544
1 84988
1 86318
1 86613
1 87057
1 87795
1 89126
1 89421
1 90899
1 91342
1 91933
1 92229
1 92525
1 93263
1 93559
1 94446
2 94889 95037
1 95332
2 95776 96662
1 97254
2 98140 98362
2 98584 99027
2 99470 100209
2 100505 101392
1 101983
2 102278 102574
1 102869
1 103756
1 104052
2 104347 104495
1 104643
1 105086
1 105825
1 106712
2 107303 107598
2 107820 108042
2 108485 108781
1 109667
1 109963
1 110554
1 110997
1 111441
1 111884
1 112623
1 113214
1 114840
1 115431
1 115727
2 117057 118239
1 119569
1 119864
1 120160
2 120603 121786
1 124298
1 125185
1 129323
1 129766
1 130357
1 131835
1 132722
169
1 1786
1 3263
1 3855
1 4446
1 5332
1 6736
1 7697
1 8288
1 9175
1 9914
1 11244
1 13017
1 13904
1 15677
1 16194
1 16564
1 18042
1 18928
1 20111
1 21145
1 21884
1 22328
1 22919
1 23362
1 23805
1 24840
1 25283
1 25727
1 26465
1 26761
1 27648
1 27943
2 28682 28978
1 29864
1 30751
1 31342
1 32820
2 33116 34002
1 34298
1 35480
1 36662
1 37254
1 37845
1 38731
1 39618
1 40800
1 41983
1 42574
1 43165
1 43461
1 44495
1 45529
1 46712
1 47303
1 47894
1 49076
1 49667
2 50850 51441
1 51736
1 52623
1 53214
1 53805
1 54101
1 54988
1 55431
1 55874
1 56170
1 56761
1 57057
1 57943
1 59126
1 59421
1 59938
1 61933
1 62672
1 63263
1 63855
1 64667
1 65628
1 66515
2 67106 67401
1 68288
1 68879
1 69766
1 70653
2 70948 71539
1 72130
1 72574
1 73017
1 74052
1 74495
1 74938
1 75529
1 76860
1 77451
1 78190
1 79076
1 79815
1 80406
1 80702
1 81293
1 81589
1 82180
1 82623
1 83658
1 84101
1 85135
1 85357
1 85579
1 86170
1 86909
1 87648
1 88534
1 89273
1 89864
1 90160
1 90751
1 91047
1 91638
1 92081
1 93116
1 94002
2 94594 94741
1 95037
1 95480
1 95776
1 96367
1 96958
1 97549
2 97845 98140
1 98436
1 99027
2 99323 99470
1 99914
1 100209
1 100505
2 101392 102278
1 102574
1 103461
2 104052 104199
1 104495
1 104791
1 105234
1 106121
1 107007
2 107598 107820
1 108190
1 108781
1 109372
1 109963
1 110406
1 111145
1 112032
1 112328
1 112771
1 113214
1 113510
1 114692
1 115579
1 120012
1 120899
1 122377
1 124446
1 125037
1 126219
2 127697 128879
1 129914
1 130948
1 133313
