4
249000

392
1 640
1 3067
1 3287
1 5272
1 5493
1 7037
1 7258
1 8361
1 8802
1 9022
1 10125
1 10346
1 10677
1 11008
1 11339
1 11890
1 12111
1 12993
1 13655
1 13875
1 15089
1 15419
1 15640
1 16633
1 17184
1 17405
1 18067
1 18949
1 19390
1 19611
1 20493
1 20714
1 22478
1 22919
1 23140
1 23802
1 24243
1 24794
1 25125
1 26008
1 26228
1 27111
1 27772
1 27993
1 28544
1 29096
1 29317
1 29978
1 30861
2 31743 31853
1 31964
1 32405
1 32625
1 32956
1 33287
1 33508
1 33728
1 34059
1 35493
2 35714 36596
1 36817
1 37037
1 37368
1 37809
1 38140
1 38361
1 38692
1 39022
2 39243 40125
1 40346
1 40677
1 41118
1 41449
1 41669
1 41890
1 42221
1 42552
2 42772 43434
1 43655
2 44096 44537
1 44758
2 44978 45419
1 45640
2 45861 46302
1 46522
1 46964
1 47184
2 47625 48508
1 48618
1 48949
1 49169
1 49611
1 49831
1 50714
1 51155
1 51596
1 51817
1 52478
1 52699
1 53030
1 53361
1 54243
1 54464
1 56008
1 56228
1 56890
1 57442
1 57772
2 58214 58324
1 58434
1 59096
1 59537
1 60309
1 61081
1 61302
1 61743
1 62625
1 63067
1 63287
1 63949
1 69243
1 71669
1 71890
1 72331
1 72552
1 73103
1 73434
1 73655
1 74537
1 75419
1 75640
1 76743
1 77184
1 77625
1 78067
1 78287
1 78949
1 79831
1 80052
1 80493
1 80714
1 81596
1 82478
1 82699
1 83250
1 83581
1 84243
1 84464
1 85787
1 86008
1 86449
1 87000
1 87772
1 88655
1 88875
1 89537
1 89868
1 90419
1 90640
1 91302
1 91522
1 91890
1 92184
1 92405
1 93067
1 93508
1 93728
1 94611
1 94831
1 95603
1 96375
1 96596
1 97037
1 98140
1 99243
1 99464
1 103214
1 103434
1 106302
1 106522
1 108508
1 108728
1 110272
1 110493
1 111596
1 111817
2 113361 114684
1 114905
1 115346
1 115787
1 116669
1 117662
2 118214 120419
1 121081
1 121522
1 121964
1 122625
1 123287
2 123949 127478
1 128361
1 129464
1 129684
1 131008
1 131559
1 132772
1 133655
1 134096
1 134868
1 135309
1 136081
1 136302
1 137625
1 138949
1 140052
1 140272
1 141596
1 142147
1 143140
1 143361
1 144574
1 144905
1 145125
1 145677
1 146118
1 146780
1 147662
1 148324
1 148875
1 149537
1 150309
1 151302
1 151522
1 152405
1 152736
1 153177
1 153728
1 153949
1 154721
1 155493
1 157037
1 158802
1 160567
1 167846
1 174022
1 184059
1 185162
2 185714 186596
1 186817
1 187037
1 187368
1 187809
1 188140
1 188361
1 189243
2 189464 190125
1 190456
1 190787
1 191008
1 191228
1 191449
1 191780
1 192000
1 192331
1 192552
2 192772 193655
1 193986
1 194317
1 194647
1 195089
2 195419 195861
1 196192
1 196633
1 196964
1 197405
1 197625
2 197846 198287
1 198508
1 198728
2 198949 199831
1 200052
1 200493
1 200714
1 201155
2 201596 201706
2 201817 201927
1 202147
1 202478
1 202919
1 203361
1 203581
1 203912
1 204243
1 204684
1 204905
1 205346
1 205677
1 206008
1 206339
1 206780
1 207221
1 207552
1 207772
1 208103
1 208655
1 208875
1 209537
1 209978
1 210199
1 210419
1 210971
1 211302
1 211633
1 211964
1 212405
1 212846
1 213067
1 213508
1 213728
2 213949 214831
1 215052
1 215272
1 215603
1 215934
1 216155
1 216486
1 216706
1 217147
1 217368
1 217809
1 218140
1 218361
1 218692
1 219243
1 219464
1 220125
1 220567
1 220787
2 221008 221669
1 221890
1 222442
2 222772 223214
1 223434
2 223655 224096
1 224317
1 224537
1 225199
1 225640
1 225861
1 226081
1 226412
1 226743
1 226964
2 227184 227294
2 227405 227515
1 227846
2 228067 228728
1 228949
1 229169
1 229500
1 229831
1 230052
2 230272 230934
1 231155
1 231375
2 231596 232258
1 232478
1 232699
2 232919 233802
1 234022
1 234243
1 234464
1 234794
1 235236
1 235567
1 235787
1 236008
1 236559
1 236890
1 237111
2 237331 237552
1 237772
1 238214
1 238544
1 238986
1 239317
1 239537
2 239978 240640
1 240861
1 241081
1 241302
1 241964
1 242184
442
1 1302
1 1522
1 2184
1 2405
1 3949
1 4169
1 6155
1 6375
1 7919
1 8140
1 8802
1 9243
1 9464
1 10456
1 11008
1 11228
1 12221
1 12772
1 12993
2 14096 14206
1 14317
1 14978
1 15199
1 16302
1 16522
1 17736
1 18067
1 18287
1 19390
2 20272 20383
1 20493
1 21008
1 21449
1 22037
1 22258
1 22919
1 23802
1 24022
1 24574
1 25125
1 25346
1 26339
1 26890
1 27111
2 28214 28324
1 28434
1 29096
1 29427
2 29978 30089
1 30199
1 30861
1 31081
1 31743
1 32294
1 32625
1 32846
1 33177
1 33508
1 33839
1 34169
1 34611
1 34831
1 35714
1 36155
1 36486
1 36817
1 37147
1 37478
1 37699
1 38030
1 38361
1 38581
1 38912
1 39243
1 39464
1 39794
1 40125
1 40346
1 40787
1 41008
1 41339
1 41669
1 42000
1 42442
1 42772
1 42993
1 43324
1 44096
1 44427
1 44647
1 44978
1 45309
1 45530
1 45861
1 46192
1 46412
1 46743
1 47074
1 47625
1 47846
1 48177
1 48397
1 48728
1 48949
1 49280
1 49500
1 49831
1 50052
1 51155
1 51375
1 52809
1 53361
1 53581
1 54464
1 55125
1 55346
1 56339
1 56890
1 57111
1 57662
1 58434
1 59096
1 59317
1 59978
1 60199
1 60861
1 61081
1 61743
1 61964
1 62625
1 62846
1 63287
1 63508
1 63949
1 71449
1 71669
1 72331
1 72662
1 73214
1 73434
1 74206
1 74537
1 74758
1 75419
1 75861
1 76081
1 76743
1 76964
1 77331
1 77772
1 78067
1 78287
1 78949
1 79169
1 80052
1 80272
1 80714
2 81155 81265
1 81596
1 81817
1 82478
1 83030
1 83361
1 83581
1 84243
1 84464
2 84684 84794
2 84905 85015
1 85567
1 85787
1 86449
1 86669
1 87221
1 87552
1 87772
2 88214 88324
1 88655
1 89537
1 89758
1 91302
1 91522
1 91743
1 92184
1 92405
1 93067
1 94390
1 94611
1 95272
1 95493
1 96155
1 96375
1 97037
1 97258
1 98361
1 98581
1 100567
1 100787
1 102331
1 102552
1 104096
1 104317
1 105419
1 105640
1 107625
1 107846
1 109390
1 109611
1 112478
1 112699
1 114022
1 114464
1 115125
2 116008 116890
1 117772
1 118544
1 119317
1 120199
1 120861
2 121743 123949
1 124721
1 125603
1 126375
1 127258
1 127699
1 128581
1 128802
1 130125
1 130346
1 131339
1 131890
1 132993
1 133214
1 134317
1 134537
1 134978
1 135530
1 136522
1 136743
1 137294
1 138287
1 139169
1 139390
1 140714
1 140934
1 141927
1 142478
1 142699
1 144022
1 144794
1 145456
1 146228
1 146449
1 147111
1 147331
1 148214
1 148544
1 149096
1 149317
1 150199
1 150530
1 151081
1 151743
1 152515
1 153067
1 153397
1 154169
1 154390
1 155052
1 155272
1 155603
1 156706
1 165861
1 167625
1 168949
1 171155
1 176890
1 180199
1 184169
1 185714
1 186155
1 186486
1 186817
1 187258
1 187589
1 187919
1 188140
1 188655
1 188949
1 189243
1 189464
1 189794
1 190125
1 190346
1 190677
1 190897
1 191228
1 191449
1 191780
1 192111
1 192772
1 192993
1 193324
1 193655
1 193875
1 194206
1 194427
1 194868
1 195199
1 195419
1 195750
1 196081
1 196412
1 196743
1 196964
1 197294
1 197625
1 198177
1 198397
1 198728
1 199059
1 199390
1 199721
1 199942
1 200272
1 200493
1 200824
1 201155
1 201375
1 202368
1 202699
1 203030
1 203361
1 203581
1 204464
1 204684
1 205015
1 205236
1 205567
1 206118
1 206559
1 207000
1 207331
1 207552
1 207993
1 208324
1 208875
1 209206
1 209427
1 209758
1 210199
1 210419
1 210750
1 211412
1 212074
1 212294
1 212625
1 212846
1 213287
1 213563
1 213783
1 213949
1 214390
1 214721
1 215052
1 215383
1 215714
1 215934
1 216155
1 216486
1 217037
1 217589
1 217919
1 218140
1 218471
1 218912
1 219353
1 219794
1 220015
1 220346
1 220787
1 221008
1 221339
1 221559
1 222111
1 222772
1 223103
1 223324
1 223655
1 224206
1 224372
1 224537
1 224868
1 225419
1 225640
1 225861
1 226192
1 226412
1 226743
1 227846
1 228067
1 228397
1 228618
1 228949
1 229280
1 229721
1 230052
1 230383
1 230714
1 230934
1 231375
1 231596
1 231927
1 232147
1 232589
1 232919
1 233140
1 233471
1 233692
1 234022
1 234298
1 234519
1 234684
1 235015
1 235346
1 235787
1 236228
1 236780
1 237111
1 237442
1 237883
1 238434
1 238765
1 239096
1 239317
1 239758
1 239978
1 240199
1 240530
1 240861
1 241081
1 241964
1 242184
432
1 861
1 1081
1 2625
1 2846
1 3508
1 3728
1 4831
1 5052
1 7478
1 7699
1 9133
1 9684
1 9905
1 10897
1 11449
1 11669
1 12331
1 13214
1 13434
1 13986
1 14537
1 15309
1 15861
1 16743
1 16964
1 17625
1 17846
1 18508
1 18728
1 19280
1 19831
1 20052
1 20861
1 21302
1 21596
1 23030
1 23361
1 23581
1 24684
1 24905
1 25236
1 25567
1 25787
1 26449
1 27331
1 27552
1 28103
1 28655
1 28875
1 29537
1 30419
1 31302
1 31522
1 32184
1 32515
1 32846
1 33067
1 33287
1 33618
1 33949
1 34280
1 34721
1 35824
1 36044
1 36375
1 36596
1 37258
1 37589
1 37919
1 38250
1 38471
1 38802
1 39133
1 39464
1 39684
1 40015
1 40567
1 40897
1 41228
1 41559
1 42111
1 42331
1 42662
1 42883
1 43214
1 43434
1 44206
1 44537
1 44868
1 45089
1 45419
1 45750
1 45971
1 46302
1 46633
1 46853
1 47184
1 47736
1 48067
1 48508
1 48839
1 49059
1 49390
1 49721
1 50272
1 50493
1 51486
1 52037
1 52258
1 52919
1 53140
1 53471
1 53802
1 54022
1 54684
1 55567
1 55787
1 57331
1 57552
1 58655
1 58875
1 59758
1 60089
1 60419
1 61633
1 62184
1 62405
1 62736
1 63214
1 63655
1 64280
1 71008
1 71228
1 71890
1 72442
1 72993
1 73655
1 74096
1 74317
1 74978
1 75199
1 75750
1 76302
1 76522
1 77184
1 77478
1 77956
1 78508
1 78728
1 79390
1 79611
1 80162
1 80934
1 82037
1 82258
1 82919
1 83140
2 83802 83912
2 84022 84133
1 84353
1 84574
1 85125
1 86008
1 86228
1 87111
1 87331
1 89096
1 89317
1 89978
1 90199
2 90861 90971
1 91081
1 91449
1 92037
1 92625
1 92846
1 93287
1 93949
1 94169
1 94831
1 95052
1 95383
1 95714
1 96596
1 96817
1 97919
1 98802
1 99684
1 99905
1 101890
1 102111
1 104537
1 104758
1 106743
1 106964
1 108949
1 109169
1 111155
1 111375
1 112919
1 113140
1 113802
2 114684 116008
1 116228
1 117552
1 117993
1 118655
1 119978
1 120640
1 121302
1 122405
1 122846
1 123728
1 124831
1 125714
1 127037
1 127919
1 128140
1 129243
1 130567
1 130787
1 131449
1 131669
1 132552
1 133875
1 134427
1 135199
1 135419
1 136192
1 136964
1 137846
1 138067
1 139831
1 141155
1 141375
1 142037
1 142258
1 142919
1 143250
1 144133
1 144684
1 145346
1 146008
1 146669
1 146890
1 147552
1 148434
1 148655
1 149647
1 150640
1 150861
1 151412
1 152625
1 152846
1 153618
1 154280
1 155162
1 156375
1 159022
1 162772
1 166302
1 166964
1 167184
1 169831
1 173361
1 176449
1 185272
1 185493
1 185824
1 186044
1 186375
1 186596
1 187147
1 187478
1 187699
1 188030
1 188250
1 188508
1 189096
1 189574
1 189905
1 190236
1 190787
1 191118
1 191559
1 191890
1 192221
1 192883
1 193214
1 193434
1 193765
1 194096
1 194537
1 194758
1 194978
1 195309
1 195530
1 195861
1 196302
1 196522
1 196853
1 197184
1 197515
1 197736
1 198067
1 198287
1 198618
1 198839
1 199169
1 199500
1 199831
1 200162
1 200934
1 201265
1 201706
1 202037
1 202258
1 202589
1 203140
1 203471
1 203802
1 204022
1 204353
1 205125
1 205456
1 205787
1 206449
1 206890
1 207111
1 207883
1 208214
1 208544
1 208986
1 209317
1 209647
1 210089
1 210530
1 210861
1 211081
1 211522
1 211743
1 212184
1 212515
1 213177
1 213618
1 213839
1 214059
1 214280
1 214611
1 214831
1 215493
1 215824
1 216044
1 216265
1 216596
1 216817
1 217258
1 217478
1 217699
1 218030
1 218581
1 218802
1 219133
1 219464
1 219684
1 219905
1 220236
1 220456
1 220897
1 221228
1 221669
1 222331
1 222662
1 222883
1 223214
1 223544
1 224096
1 224427
1 224647
1 224978
1 225309
1 225750
1 225971
1 226302
1 226522
1 227074
1 227625
1 227956
1 228287
1 228728
1 229059
1 229390
1 229611
1 229942
1 230162
1 230493
1 230824
1 231265
1 231486
1 231817
1 232258
1 232478
1 232809
1 233250
1 233581
1 233802
1 234133
1 234353
1 234574
1 234905
1 235125
1 235456
1 235677
1 236118
1 236339
1 236669
1 237000
1 237221
1 237552
1 238103
1 238324
1 238655
1 238875
1 239206
1 239647
1 240309
1 240640
1 240971
2 241522 241633
2 241743 241964
1 242074
1 245714
398
1 1743
1 1964
1 4390
1 4611
1 5714
1 5934
1 6596
1 6817
1 7478
1 8361
1 8581
1 8912
1 9684
1 10125
1 10567
1 10787
1 11118
1 11890
1 12331
1 12552
1 13214
1 13655
1 14537
1 14758
1 15419
2 15861 15971
1 16081
1 16743
1 17184
1 17956
1 18949
1 19169
1 20052
1 20714
1 21155
1 21596
1 21817
1 22478
1 22699
1 23250
1 24243
1 24464
1 25015
1 25456
1 26008
1 26449
1 26669
1 27331
1 27772
1 28324
1 28655
1 29206
1 29537
1 29758
1 30419
1 30640
1 31302
1 32184
1 32405
1 32736
1 33067
1 33397
1 33728
1 33949
1 34390
1 35052
2 35272 35493
1 35934
1 36265
1 36596
2 37037 39243
1 39684
1 39905
1 40125
2 40567 41669
2 41890 42772
1 43103
1 43434
1 43655
1 44317
2 44537 44978
1 45199
2 45419 45861
1 46081
2 46302 47625
1 47956
1 48287
2 48508 49831
1 50714
1 50934
1 51265
1 51817
1 52478
1 53250
1 53692
1 54243
1 54684
1 54905
1 55567
1 56008
2 56449 56559
1 56669
1 57772
1 57993
1 58986
1 59537
1 59758
1 60419
1 60640
1 61302
1 61522
1 62405
1 63067
1 63361
1 63802
1 67478
1 71008
1 71890
1 72111
1 72772
1 72993
1 73655
1 73875
1 74427
1 75199
1 75419
1 76081
1 76522
1 77184
1 77846
1 78177
1 78728
1 78949
1 79611
1 79942
1 80493
1 80714
1 80934
2 81375 81596
1 82258
1 82478
1 83140
1 83581
1 83802
1 84243
1 85125
1 85346
1 86008
1 86890
1 87111
1 87331
1 87772
1 87993
2 88434 88655
1 89317
1 89537
1 90199
1 90861
1 91302
1 91596
1 92625
1 93067
1 93287
1 94169
1 94831
1 95052
1 95714
1 95934
1 96596
1 97699
1 99022
1 101008
1 101228
1 102772
1 102993
1 105861
1 106081
1 108067
1 108287
1 109831
1 110052
1 112037
1 112258
1 113581
1 114243
1 115567
1 116449
2 116890 118214
1 118434
1 118875
1 119537
1 119758
2 120419 121743
1 122184
1 123067
1 123508
1 124611
1 125052
1 125493
1 125934
1 126596
1 126817
1 127478
1 129022
1 129905
1 131228
1 132111
1 132331
1 133434
1 134758
1 135640
1 135861
1 136412
1 137184
1 137405
1 138508
1 138728
1 139611
1 140493
1 141817
1 142589
1 143581
1 143802
1 144243
1 144464
1 145567
1 145787
1 146339
1 147000
1 147772
1 147993
1 148986
1 149427
1 149758
1 149978
1 150419
1 151192
1 151964
1 152184
1 152956
1 153287
1 153508
1 153839
1 154611
1 154831
1 155714
1 160787
1 161890
1 164317
1 167405
1 170493
1 174684
1 178214
1 180419
1 183949
1 184280
1 184611
1 184831
1 185934
1 186265
1 186596
2 187037 188361
1 188802
1 189353
1 189684
1 189905
1 190125
2 190567 191449
1 191669
1 191890
1 192442
1 192662
1 193103
1 193434
1 193655
2 194096 194537
2 194978 195419
1 195640
1 195971
2 196302 196964
2 197184 197625
1 197956
2 198287 198728
1 198949
1 199280
1 199611
1 199831
1 200383
1 200714
1 201044
1 201486
1 201817
1 202037
1 202478
1 202809
1 203250
1 203692
1 204022
1 204243
1 204574
1 204905
1 205346
1 205787
2 206008 206118
2 206228 206339
1 206669
1 206890
1 207442
1 207772
1 208214
1 208434
1 208765
1 209096
1 209537
1 209868
1 210309
1 210640
1 211081
1 211302
1 211743
1 211964
1 212405
1 212736
1 213067
1 213397
1 213673
1 213894
1 214169
1 214500
1 214831
2 215272 216155
1 216375
1 216596
1 216927
1 217258
2 217478 218140
1 218361
1 218802
2 219022 219464
1 219684
1 220125
1 220677
1 220897
1 221118
1 221449
1 221669
1 221890
1 222331
2 222552 222772
1 222993
2 223214 223655
1 223875
1 224096
1 224482
1 224758
1 224978
1 225199
1 225530
1 225750
1 226302
1 226522
1 226964
1 227184
1 227736
1 228177
1 228508
2 228728 229169
2 229390 230052
1 230493
1 230714
1 231044
1 231706
1 232037
2 232258 232699
1 233030
1 233361
1 233581
1 233912
1 234243
1 234408
1 234629
1 234905
2 235125 235787
1 236008
2 236449 237111
1 237552
1 237772
2 237993 238434
2 238655 239317
1 239537
1 239868
1 240199
1 240419
1 240640
1 240971
1 241302
1 242074
1 242515
